1.0 0.8954214346996462 0.27483318509665955 0.30462610881628016 
3.0 0.8111197238866101 0.19354414249017882 0.2432144016742792 
5.0 0.8675855425756464 0.18070249833076069 0.22599206400490235 
7.0 0.8971537126097118 0.1760368889091004 0.20473494027911276 
9.0 0.9048960195324975 0.16164003232950952 0.18983068622031563 
11.0 0.8793472863874894 0.15578012510945372 0.1793399875530861 
13.0 0.8715430669487613 0.15072737188499763 0.17857180884749024 
15.0 0.85346243632857 0.13894164433308276 0.17096033873851602 
17.0 0.8495598837933391 0.13989888455087862 0.17190914942195956 
19.0 0.8356383593702643 0.13886919966432532 0.1524621642621513 
21.0 0.822933806979818 0.12427904599586492 0.15279937636822583 
23.0 0.7959529121360288 0.10636087116003456 0.12969047384167198 
