1.0 1.1708519330241143 0.27651193611400515 0.31360576799021267 
3.0 1.1132692685016687 0.21694396549011097 0.26080067287021724 
5.0 1.015475881956781 0.17605123917152699 0.20979547185804348 
7.0 0.8974382386533037 0.18111902721637863 0.18300287982733265 
9.0 0.7876809972397292 0.12942909169522576 0.17006885209911904 
11.0 0.7389421094706752 0.1087052595786997 0.13181193582153583 
13.0 0.7122322072474336 0.10014540634155633 0.1161965679878213 
15.0 0.6814527961568393 0.09948045143479434 0.08901628703786413 
17.0 0.6351469384643439 0.07647660808495027 0.08380755235368365 
19.0 0.6536904122918785 0.054594622970657536 0.054594622970657536 
21.0 0.0 0.0 0.0 
23.0 0.0 0.0 0.0 
