0.0625 1.1433179555649402 0.22913971915909903 0.26394075978415055 
0.1875 1.1089362531345124 0.22202480708604655 0.2513566661643287 
0.3125 1.0618192339246204 0.20892085436516483 0.2284878796639438 
0.4375 1.0171044987370705 0.1838603350862844 0.21906581583629503 
0.5625 0.9313283392312001 0.18667470754318116 0.2041405403495965 
0.6875 0.9209435837802787 0.16164905659220985 0.19517611434369753 
0.8125 0.8511541627082102 0.22500211518935354 0.3361797133551412 
0.9375 0.7692339302797099 0.14242585420262466 0.17300997193422663 
1.0625 1.0120363431504062 0.2693893511454861 0.24368663337133678 
1.1875 0.689717415207717 0.1495976857682466 0.24690259582394503 
1.3125 0.9035741713522785 0.15935958604437417 0.21281558507526732 
1.4375 1.000891494398196 0.42559575884486767 0.37019899067011397 
1.5625 0.7915192150592033 0.1891211301777007 0.21388595230823337 
1.6875 1.1980946568156927 0.23497395981448077 0.23746323733834918 
1.8125 0.7549717864123853 0.20952106300636342 0.24405537705237035 
1.9375 0.9928635169665307 0.1305434006149503 0.23255189088657047 
2.0625 1.3037942911994325 0.41626774504777797 0.3264602099392606 
2.1875 0.7789760399837647 0.03540050974088649 0.11356298226201056 
2.3125 1.3447833885089384 0.022947250085042725 0.16026747106914296 
2.4375 0.0 0.0 0.0 
