0.0625 1.1417736203227782 0.2277516410072017 0.26346759555774657 
0.1875 1.096867906834068 0.2210652625202626 0.2568236515499551 
0.3125 1.02020628137132 0.21743520526646987 0.24980928695477056 
0.4375 0.9416547762383823 0.19724859289044905 0.24044275931514292 
0.5625 0.8886337803078537 0.17938670972612947 0.2058887743537725 
0.6875 0.8846016981389618 0.1712457014008183 0.20230949632340967 
0.8125 0.885119789161076 0.18105205296073756 0.21957698388878732 
0.9375 0.8731831919442168 0.16985680603410724 0.19898556022264025 
1.0625 0.8932736238020753 0.17822029168221054 0.2275211337916594 
1.1875 0.8135046227403783 0.18730586981578434 0.21336258435596378 
1.3125 0.8877678405042428 0.16400672911221592 0.19889728340178014 
1.4375 0.8105886926170884 0.22331615394551774 0.324757207960112 
1.5625 0.786524528900974 0.15022999008283622 0.1873469254965121 
1.6875 0.8962888477280885 0.27970346495176746 0.3333915131521713 
1.8125 0.6969380030782788 0.14713019885459522 0.1833484423072237 
1.9375 0.9229178634852684 0.25628788379212486 0.26453219792096316 
2.0625 0.6825049173774742 0.1876595568961834 0.5871501885123698 
2.1875 0.7011951783661874 0.14526269307132844 0.16553607017717242 
2.3125 1.0151065605457683 0.46391807067305413 0.34942721569588486 
2.4375 0.6699233749836321 0.20253665464775872 0.2552513016233229 
