0.0625 0.9344251094962819 0.20870753366915684 0.15521497354875624 
0.1875 0.9144737496651527 0.18934228769717054 0.19722938949650137 
0.3125 0.906015483349515 0.17386374933888105 0.1996516477829423 
0.4375 0.9095476139962014 0.15490230801832616 0.19504607890825143 
0.5625 0.9218829085131729 0.14914457243762402 0.18300034039495883 
0.6875 0.943122379839939 0.15785681445834154 0.17930306599716694 
0.8125 0.9607830155397554 0.15980596038102934 0.19065823256230252 
0.9375 0.9635681701531887 0.1658315002707902 0.19158082491826256 
1.0625 0.9324693309991221 0.1637232241612776 0.19429817599280486 
1.1875 0.9031864695732719 0.17217892424878534 0.19122742806541826 
1.3125 0.8567397368113394 0.15849193136713025 0.21976434137175982 
1.4375 0.8099960717437399 0.16046693228559883 0.22492460518403512 
1.5625 0.8290956103107614 0.14692118512846775 0.15443291439914442 
1.6875 0.7022138651781764 0.15056609265868026 0.23021365618145218 
1.8125 0.683602893560988 0.124876932378155 0.17674612348443697 
1.9375 0.8459294169408096 0.24719002235986598 0.1175889538612449 
2.0625 0.5255937487200057 0.08232199332250945 0.23318608364249704 
2.1875 0.6694317650701652 0.1032703548761621 0.37444750125535753 
2.3125 0.5227803947213613 0.0 0.0 
2.4375 0.6644631376946707 0.0 0.0 
