0.0625 1.1353860183705629 0.21939342420982733 0.25935185490949153 
0.1875 1.102004858476852 0.21309509828342188 0.26188133986257367 
0.3125 1.06351327880842 0.19978993225990171 0.25580756962500173 
0.4375 1.0414472394415248 0.19749941153570028 0.23861020276783984 
0.5625 1.0008612760275568 0.18228569398183103 0.2187001432565414 
0.6875 0.9770542158143583 0.18678915605771862 0.2078944989311997 
0.8125 0.9303124202120014 0.20838855257853872 0.22762381535359077 
0.9375 0.9039426833799963 0.19456325236657013 0.22025136369667442 
1.0625 0.8564847230504837 0.18903610207283328 0.24059351026062203 
1.1875 0.7682710034708726 0.16797466705204345 0.2096272082364824 
1.3125 0.9050980243046269 0.19669708907569639 0.19281486775180023 
1.4375 0.6931519709737387 0.16424390182545867 0.2872767494308154 
1.5625 0.75250630089632 0.13695298600227712 0.1903652201534043 
1.6875 0.9325440794761866 0.3133685905882907 0.2685538219444572 
1.8125 0.6541730029514139 0.12021444011022964 0.17748565669428484 
1.9375 0.9888883905471805 0.17864936000200027 0.2277528013694693 
2.0625 0.6813121076754167 0.18341902781027836 0.5882049530532947 
2.1875 0.7156531285573726 0.05456453271472872 0.027255657470119266 
2.3125 1.3639664762765626 0.06438298475771442 0.002316538621814912 
2.4375 0.9211502348880372 0.12831367322514264 0.0027411966464824244 
