1.0 1.1504409315603743 0.2791464893398571 0.3176913992616206 
3.0 1.0418579512850024 0.22250312072971323 0.265072066569195 
5.0 0.9935990486055052 0.18342239543042005 0.21168914368674085 
7.0 0.9262092128994095 0.16368044908470125 0.18961240749299213 
9.0 0.8992449095412713 0.15055922551811496 0.17785986983889202 
11.0 0.880406397140252 0.14756945055432213 0.1705403777222898 
13.0 0.837181446669118 0.1399291078897945 0.15898593575526687 
15.0 0.7830938189588342 0.12374443007239755 0.1502724451574442 
17.0 0.7403793924003792 0.11299074770060669 0.14832743825454064 
19.0 0.7159798906785991 0.10990232136655087 0.1412984268185583 
21.0 0.6998880113880215 0.1079194896343435 0.1487714003942031 
23.0 0.7074581906975939 0.12030174698277651 0.14306533911264774 
