0.0625 0.0 0.0 0.0 
0.1875 0.6539674302387322 0.07416712777367851 0.02600492555222278 
0.3125 0.6508841796060317 0.09364911607230875 0.10785013161361268 
0.4375 0.6524044493085723 0.08667193205799395 0.11396029378776618 
0.5625 0.6838714668076363 0.09369676534967697 0.123698555365362 
0.6875 0.7194207508910991 0.10358104761954368 0.12111661496240744 
0.8125 0.7551460578237478 0.11247399479430287 0.13754782806467258 
0.9375 0.8001315594726909 0.12487250377402348 0.14889528359916415 
1.0625 0.8263466417713995 0.13320626667263658 0.15789508288614673 
1.1875 0.849677080678211 0.1346216086113733 0.1655259472362427 
1.3125 0.8433227293694097 0.13121183356496768 0.1562624033203981 
1.4375 0.8119630491534261 0.1398518458570862 0.14601877054822998 
1.5625 0.7828077655581201 0.13926123456886974 0.15362958390523418 
1.6875 0.7624680701447775 0.12754371645488372 0.15649348016187126 
1.8125 0.7240980734872731 0.14643950100052605 0.1621695772392533 
1.9375 0.6666745954064712 0.14359261538725399 0.19191033876371755 
2.0625 0.6315306209295211 0.09256686536202374 0.14633527456233053 
2.1875 0.6249977558904958 0.14608868283679027 0.07955184703161389 
2.3125 0.931983772336937 0.3859151230494785 0.08665719078293954 
2.4375 0.524132846328511 0.06530627634655661 0.29837496111787765 
