1.0 1.0008298393678983 0.1918004870406408 0.22594469719793198 
3.0 1.034000295043323 0.19949496089957908 0.24889552442400031 
5.0 1.0092453814697144 0.1766503322130646 0.20544116853540628 
7.0 0.9228343886345916 0.159795422273867 0.1884098572637638 
9.0 0.8784487012602556 0.13820965133190533 0.16364642907312998 
11.0 0.8603244562568535 0.13853990631528323 0.15843966081099436 
13.0 0.8086486820701068 0.12903253499552092 0.15396332931956924 
15.0 0.7522780671699106 0.1132144239114673 0.13464273130134252 
17.0 0.7012494643484125 0.09525265110120618 0.11740085316284665 
19.0 0.6678987072135574 0.0896368061320918 0.10418829154961551 
21.0 0.6424713912238703 0.07887487003245897 0.0955785385237512 
23.0 0.6241090877197447 0.07729357585909202 0.10164119595762133 
