1.0 0.8516352675844396 0.20286821657254828 0.2686309981379613 
3.0 0.9179252238265256 0.2040288493522867 0.21986140075777372 
5.0 0.9547138980515847 0.17210824663521052 0.22245325628862533 
7.0 0.954348122758068 0.15851358503007018 0.18901311062337955 
9.0 0.9647449880446478 0.15920226928324188 0.17949597100203107 
11.0 0.9270428324394677 0.1521786077338847 0.17353676054298606 
13.0 0.8711802510615857 0.14320122657195788 0.15487568978204858 
15.0 0.8119250528984568 0.12732354132833112 0.1486853238351351 
17.0 0.7704552029731878 0.11715422282134558 0.14231582060065073 
19.0 0.7435803188338508 0.1069567372698551 0.13911081842532835 
21.0 0.7347728774095856 0.1058616236896105 0.1436041689367621 
23.0 0.7434235423443155 0.11139085981826868 0.12323365951861831 
