1.0 1.0545106928466994 0.35093426959007135 0.3646599230293628 
3.0 0.7451739028609037 0.18980229827644624 0.4160582156459942 
5.0 0.7531319784910671 0.21500196092441826 0.21557486157342365 
7.0 0.7008889062941552 0.19317946412154163 0.22160139863941253 
9.0 0.6894512489948191 0.15251311109876875 0.21451402884160697 
11.0 0.7165462412490344 0.19907698742563162 0.1673703029203808 
13.0 0.7234915822759926 0.16544853288493977 0.19107486316812472 
15.0 0.7725953823069945 0.23223157086655366 0.20295576372177204 
17.0 0.721217155659815 0.16696114229598757 0.23707429481999365 
19.0 0.7327527037978775 0.175539011793849 0.1909970203186382 
21.0 0.7038743715782914 0.15085517690412076 0.20279883431588364 
23.0 0.720960319271067 0.15415757435390653 0.16347821146302766 
