0.0625 0.0 0.0 0.0 
0.1875 0.7087838928509318 0.10184901130886381 0.11576932547541785 
0.3125 0.7499316465496937 0.11061486426507194 0.13282767086068759 
0.4375 0.7973855800028125 0.12561165807995267 0.143275629635095 
0.5625 0.8445292948397687 0.13963108262575563 0.15687745884768112 
0.6875 0.8677321776446592 0.143495244997362 0.16775933672679688 
0.8125 0.8929548254914806 0.1488652036424376 0.169529455031887 
0.9375 0.8899694625781256 0.15157953971115323 0.17077886054557356 
1.0625 0.8698327815831461 0.14038917824559516 0.169354400247113 
1.1875 0.8824753682931132 0.1601992488232865 0.18279273138759078 
1.3125 0.9044488768367529 0.15034844406832693 0.18575163475402312 
1.4375 0.8640121304213789 0.14445969413029347 0.18451085736235695 
1.5625 0.8073644690690711 0.15033533522849263 0.18368966710561052 
1.6875 0.7619429763659233 0.16298221462974338 0.17445877175540825 
1.8125 0.7523481388411912 0.1238879323839489 0.21558669904013184 
1.9375 0.8023480055447312 0.24947428405478322 0.19792194714471445 
2.0625 0.6041682010230605 0.13264699336142238 0.14842295575140751 
2.1875 0.7400910652319012 0.23061102913235132 0.21511361091325 
2.3125 0.6057085403694786 0.15698920132769834 0.1001257127334535 
2.4375 0.7388305422515852 0.22533200313849433 0.18596257712302589 
