0.0625 1.4733465128356658 0.3282623051246134 0.4171124396769097 
0.1875 1.4131742721688636 0.3082360854955417 0.3930372395389876 
0.3125 1.3508373103510936 0.3006664557457803 0.3859352085391081 
0.4375 1.3009001137686218 0.3035077988932229 0.38437692793084577 
0.5625 1.2392328142894509 0.3083618014380275 0.37964034687512926 
0.6875 1.2061833198558929 0.2955341814245084 0.3692461428171667 
0.8125 1.1659883238502475 0.2708164470630471 0.36711242991852155 
0.9375 1.1468714705784842 0.2523181020270998 0.3387957621288744 
1.0625 1.1322632555925245 0.24849222158751771 0.35540509941119747 
1.1875 1.0604256705937058 0.24609962278263775 0.35033727282755 
1.3125 1.102139744083546 0.24687638008228896 0.3326198124497619 
1.4375 0.9878936338465297 0.3051085338183529 0.3605369933453276 
1.5625 0.9557349239291686 0.2636439951012072 0.34800606854444616 
1.6875 1.1639014188846901 0.4218913309788893 0.3418427927254468 
1.8125 0.6413145136722791 0.23646248196116526 0.3850616099802393 
1.9375 1.0864143577685779 0.26587110922583723 0.2732629633635666 
2.0625 0.4310667471183539 0.13027112430856258 1.0649854597537805 
2.1875 0.8022440388606001 0.24618480180431423 0.2297585846418987 
2.3125 1.3121017373664317 0.9780092449486328 0.21090178491010292 
2.4375 0.5120526717283755 0.1453582730520509 0.22475604641588542 
