0.0625 1.432047706213758 0.3342018662627064 0.40717713204326156 
0.1875 1.4268343646007613 0.3108647968071847 0.39641466834139605 
0.3125 1.412415699480789 0.2988943830323154 0.398066248480337 
0.4375 1.387734184655295 0.3030120518508639 0.39886240010319485 
0.5625 1.348955775713879 0.2915877411471428 0.39018871982082404 
0.6875 1.2985175417040353 0.29182263556003263 0.3914502786349634 
0.8125 1.217882772983772 0.27419684809224143 0.3939310323931666 
0.9375 1.1849097589108308 0.2586177976345909 0.370615585598997 
1.0625 1.1230872626641806 0.26676495394323907 0.36720027169306024 
1.1875 1.036246460418858 0.24550226861916746 0.3536411142203364 
1.3125 1.155737734662827 0.25950768645771927 0.3379790349714622 
1.4375 0.9325730975042759 0.32761637954729284 0.37210329374232454 
1.5625 0.9827342232787449 0.27183898849221255 0.33721057716124714 
1.6875 1.203741720086121 0.39022446962977164 0.3063100974548929 
1.8125 0.5822091340492451 0.21589953062718037 0.3286231127055962 
1.9375 1.0766355017684957 0.24760469558744547 0.2602105298109503 
2.0625 0.4002786165292747 0.11065959710565526 1.0857476005254767 
2.1875 0.7746286189031273 0.2440752771149336 0.23258930692357271 
2.3125 1.3497415704719784 0.9133362695882347 0.18646012022279423 
2.4375 0.4848818380977782 0.14057514123717973 0.25432715709574416 
