1.0 1.1667251423777873 0.2775262430122136 0.3981655687737635 
3.0 1.199696886289251 0.26975603078847277 0.3754078274151025 
5.0 1.2867552661435662 0.28910037803443844 0.3834987385449635 
7.0 1.2453781980639682 0.24958580651188422 0.3144729401315045 
9.0 1.223046740151809 0.23256463110549297 0.28943835035752685 
11.0 1.1570404725691923 0.21167199169037665 0.2704443390571678 
13.0 1.0569689877102828 0.18335946419881055 0.24400087205073717 
15.0 0.9736330313374225 0.15667210022236355 0.21640811174761854 
17.0 0.9411178095331276 0.15463209252250631 0.2269385987288881 
19.0 0.9094477197827302 0.1410721202776578 0.23972279951547537 
21.0 0.9250398266502805 0.15419460647412275 0.23669599400867802 
23.0 0.9129394913667099 0.14092139572311568 0.21758416948998272 
