1.0 1.1201272488133858 0.43493235254492 0.3924656317516302 
3.0 1.0769388880468547 0.2908934922863573 0.35668458517532553 
5.0 1.0987159091183185 0.2485466304338384 0.3616802141449029 
7.0 1.1243101313333677 0.23861582828881012 0.36377562620930903 
9.0 1.1440063573025299 0.2716159099928148 0.3288644206897866 
11.0 1.065480725644362 0.24755976282298509 0.33081141744362386 
13.0 1.0349395715159548 0.20474265064608888 0.25284641029587696 
15.0 0.9895349450220005 0.18135838859226827 0.30273280914937273 
17.0 1.0017515334366425 0.20985445324380247 0.2863728868789974 
19.0 1.0386367134995464 0.2128527635393871 0.2601062345783065 
21.0 1.0340812690128074 0.20097141504328953 0.18785566973927037 
23.0 1.0046716047402862 0.18266965397116652 0.20656043266630242 
