1.0 1.0177738732073873 0.5386087375298139 0.5614392093149692 
3.0 0.9783121745936907 0.5134898625740385 0.5871385181260711 
5.0 0.9582362985937494 0.5076373034133173 0.5971823206169968 
7.0 0.9336483352380701 0.4942381779410865 0.6106618962537317 
9.0 0.9247578213946719 0.49494698695932576 0.5968318900465142 
11.0 0.901736186598006 0.4815323146273308 0.5993232480517883 
13.0 0.907327037909541 0.49315772555946874 0.5919533938171865 
15.0 0.9132994619640052 0.5004727923778691 0.5873706744461212 
17.0 0.9349538239100033 0.521507829010139 0.5672799132973081 
19.0 0.9538639581553479 0.5413387536303015 0.5509606085704326 
21.0 0.9573953132834642 0.5459009376225179 0.5544045044208384 
23.0 0.9813346421632942 0.5707533565878353 0.542340934009975 
