1.0 1.166505060622378 0.4280970994489597 0.35392634645745114 
3.0 1.1149503590993977 0.2723770161762711 0.34200309105582716 
5.0 1.1204318888262659 0.2429079042927793 0.3366681959204221 
7.0 1.1560564988993915 0.25900785904836754 0.34040517902049827 
9.0 1.1503594179722043 0.24996847453997129 0.32859873093852876 
11.0 1.113304668157533 0.24766504414772372 0.29961160363077277 
13.0 1.0656932366243506 0.2120446996181018 0.2823609620330989 
15.0 1.037676216311417 0.2127793481880319 0.2647600231609437 
17.0 1.0200095887984193 0.18903328817947962 0.2407560236931754 
19.0 1.048784660128181 0.2099242256263748 0.2616437292832863 
21.0 1.0030181548170292 0.16050503076696454 0.21987561199613226 
23.0 0.9880938323448831 0.16872806077631874 0.21464555881234948 
