0.0625 1.5175444734303305 0.3228527682290703 0.39821781071285867 
0.1875 1.4711866654029668 0.3011409488304271 0.38212889491414503 
0.3125 1.401106414578435 0.29341233129242794 0.3476129677024118 
0.4375 1.3560817062827484 0.254263227349109 0.33128695604825253 
0.5625 1.2510054860158362 0.26002854773168294 0.338349837477842 
0.6875 1.2337885249521883 0.2305711409127551 0.29318039850786737 
0.8125 1.2349492752716158 0.2857887099304459 0.3968366450687637 
0.9375 1.093417218051852 0.22285920994068564 0.34417002634920135 
1.0625 1.2700554408463072 0.232366661182287 0.3342611036013814 
1.1875 1.0152115940308306 0.3918179881410151 0.5415332488206497 
1.3125 1.1230932798250541 0.29887781776816313 0.32450124957378423 
1.4375 1.2975700431131714 0.6891992155215445 0.3516350834797013 
1.5625 0.8256523951002388 0.32274767295307094 0.42873636615486577 
1.6875 1.3420701078059927 0.16307135160582087 0.21854863891916332 
1.8125 0.58995273196213 0.13043856944928278 0.3966104512216909 
1.9375 1.2160887028643426 0.3710860063120619 0.11980937120332413 
2.0625 0.6677324429806303 0.21257865458442382 0.9236471721110727 
2.1875 0.7170860475936603 0.1688589575704028 0.261746224403984 
2.3125 1.3912701724337382 0.10981809632165773 0.18250100842521588 
2.4375 0.6215758238530671 0.14151499493651304 0.17300632998326493 
