1.0 1.2047649842787211 0.2617517419528742 0.36386795834838903 
3.0 1.225638866199708 0.2810785803279424 0.36203569809661507 
5.0 1.302976410324396 0.2807927623016173 0.3721713535247475 
7.0 1.2585958777656672 0.2487624890787985 0.32383649002944503 
9.0 1.243547242026025 0.2218866269303259 0.2845897082345219 
11.0 1.1777924125469543 0.21384542939927653 0.26039778112084333 
13.0 1.081317802999593 0.1889808101129684 0.23654649279016926 
15.0 0.9965100580688393 0.1599124003791048 0.20616678905064556 
17.0 0.9650072519727586 0.15306734063016525 0.18443080406055312 
19.0 0.9313915295561236 0.1463822995108437 0.2027907802220924 
21.0 0.9221253026028897 0.13937698935838638 0.21676456933707944 
23.0 0.9028334159793988 0.13915244862090148 0.19315244798593667 
