0.0625 1.188414148776968 0.25054447056225115 0.31648069685046587 
0.1875 1.1982372105613368 0.21987413513018483 0.28430340602609117 
0.3125 1.2398490533760886 0.258504643285427 0.28222616602867734 
0.4375 1.2725511320064387 0.26099137881900547 0.29754006573402747 
0.5625 1.30650890296678 0.2661483949043453 0.31993073636813585 
0.6875 1.3054486090039106 0.25789864657106887 0.33595177127253173 
0.8125 1.2700738443717805 0.2402314633372049 0.333933612709598 
0.9375 1.2336278709949566 0.25026871815800233 0.3153846493704482 
1.0625 1.2124166487690708 0.2452288682174264 0.3273820235170679 
1.1875 1.1652676938778586 0.2507639007915097 0.32977769268684565 
1.3125 1.0936799397454602 0.22856305754147643 0.2722923428468882 
1.4375 0.9989908811983925 0.1993802973554878 0.3231320903317192 
1.5625 1.094242532482082 0.2452428961293237 0.32987285510662523 
1.6875 1.019486061114474 0.27660940407859547 0.35333821315076763 
1.8125 0.9286430738315781 0.24705206944416946 0.24612641888025677 
1.9375 1.1003036918744495 0.22069616759752386 0.32286051207072464 
2.0625 0.6290745892875709 0.1549531390913234 0.3596870552339162 
2.1875 0.9180614606025711 0.17502698317660437 0.18157043762052927 
2.3125 0.9783665121252942 0.47997760879968426 0.4049339604980178 
2.4375 0.5541147482242581 0.10748182492442915 0.16259232665813683 
