1.0 1.4742316223309653 0.35712870352114257 0.4191451100068835 
3.0 1.4633738124371067 0.3176892601170751 0.3817472617329021 
5.0 1.3110046499284613 0.25491490902201464 0.35768948515726606 
7.0 1.1897288580829168 0.2571832130180852 0.23794906883125777 
9.0 0.9945770620324518 0.20536256031622024 0.28039208092770196 
11.0 0.8804625398584867 0.119123216258331 0.1744814253674476 
13.0 0.8107480095154957 0.13005062860525218 0.20680221018948064 
15.0 0.8569233511729961 0.06471212034907081 0.2492003184143421 
17.0 0.9195984336404355 0.09416370879376301 0.026093029549409397 
19.0 0.9164028836080115 0.0 0.0 
21.0 0.0 0.0 0.0 
23.0 0.0 0.0 0.0 
