1.0 1.0487968490443305 0.3116758659273804 0.32741622291864725 
3.0 1.0320419366258151 0.2520597557691123 0.31311452121322936 
5.0 1.0919071628080899 0.24619060177036245 0.3452295741488365 
7.0 1.161175730705469 0.25992254552483796 0.30927509602643766 
9.0 1.1743523359155525 0.2566793776713415 0.30560583182433376 
11.0 1.1113170634262381 0.23345280215925135 0.29330370248721893 
13.0 1.0734606026754672 0.22953918831947806 0.26257130628987846 
15.0 1.0580054204837641 0.21134778120250264 0.22398791212045865 
17.0 1.0360885031474174 0.19697336168784174 0.2672650129079195 
19.0 1.0451832359102244 0.17951767619391767 0.22427909131337165 
21.0 1.034906927247616 0.19429436836925207 0.21670833900831576 
23.0 1.0008632000804356 0.16392073919734174 0.20923694945205296 
