0.0625 1.4611012444415556 0.34388051881510906 0.41005706202353376 
0.1875 1.4426965564708896 0.3105720212382612 0.38025896128988834 
0.3125 1.4342264681556767 0.2999997879974796 0.375514938801248 
0.4375 1.400925598638074 0.29617392922968655 0.3756349655400508 
0.5625 1.3601948762782636 0.2847293981696579 0.3610278273460046 
0.6875 1.304684525788612 0.2864657090325724 0.35291605379368685 
0.8125 1.2271880266470974 0.28534253328838377 0.366799092128018 
0.9375 1.1821307999313713 0.25854920953845517 0.33990905622810574 
1.0625 1.0931186437601377 0.23586917182434686 0.32340138761324755 
1.1875 1.020207252839887 0.23755473953822492 0.31786668756569725 
1.3125 1.0931338235658905 0.23379501829359717 0.32109512994732525 
1.4375 0.8909692213056493 0.26270654217302314 0.33403696521154735 
1.5625 0.932095167045903 0.20089017120906372 0.27424348351543704 
1.6875 1.177100807038335 0.3495579275451499 0.2985345072192376 
1.8125 0.6762209153048413 0.17695529298880797 0.23818087199705384 
1.9375 1.0743534072873797 0.19612972152109198 0.23019251633860893 
2.0625 0.5789672343864166 0.1516180368167585 0.8882934430026798 
2.1875 0.8596960738207122 0.16443911899678 0.14825832724704746 
2.3125 1.3097757355095532 0.7309065859050154 0.1985691030604455 
2.4375 0.6791021656642371 0.12786232236183415 0.18784102393130642 
