0.0625 1.4862482977903861 0.34593345389173535 0.39176504849125027 
0.1875 1.430683996994016 0.30088373059330564 0.36520887591220474 
0.3125 1.344630401105601 0.29990198774618215 0.34994690741335766 
0.4375 1.2908010633752962 0.24826681893239844 0.31225872334328364 
0.5625 1.1805798026455987 0.24948546490635826 0.30505665888431 
0.6875 1.1479613599178295 0.21550263346444243 0.2891055656865926 
0.8125 1.1102575869649973 0.2393761857374308 0.29887456503030085 
0.9375 0.9967288043108499 0.2175417596920587 0.2610870186495996 
1.0625 1.1336163023346653 0.200940059097366 0.3472819278327657 
1.1875 0.8702446844830014 0.26021139240002045 0.40089514481170996 
1.3125 1.0063896164813493 0.1669842541344725 0.27414379385522847 
1.4375 1.1929051577303498 0.6699022681208289 0.3523388159548213 
1.5625 0.8726526804756922 0.21534788098807922 0.1825422947428319 
1.6875 1.3407941025275403 0.23844237272484992 0.2161986209143203 
1.8125 0.65732972330482 0.095577887598704 0.20444882586517288 
1.9375 1.1598410444151237 0.24092779498993655 0.17805809405159745 
2.0625 0.7123083872598872 0.14209024609552856 0.8815721104915157 
2.1875 0.8549664780729693 0.10850592309943863 0.16525603344372475 
2.3125 1.4150287357588736 0.16067618782890714 0.18223913788213242 
2.4375 0.7246286211627863 0.06589439843831191 0.19621724723201672 
