1.0 1.2596441718282363 0.26649644601052713 0.3223169126857499 
3.0 1.3849950488396177 0.3044848528641262 0.37941834121653994 
5.0 1.3761024138568856 0.2673998316108184 0.32883531007185085 
7.0 1.2829579245369291 0.26456302184361924 0.3009665079267485 
9.0 1.1383631852488507 0.21745192988041162 0.24706677910075792 
11.0 1.0330913598201326 0.17779364739006764 0.23178630636204756 
13.0 0.9706057244180484 0.15643555074828153 0.22219298215326555 
15.0 0.9090281222472021 0.14495281043236785 0.20010758648814853 
17.0 0.8712067926931555 0.1305548383502847 0.2357864752558696 
19.0 0.8424019581659214 0.12183623248189113 0.2084984653460531 
21.0 0.8173823163059468 0.12572393955697225 0.17542021505243255 
23.0 0.8048278222207583 0.11585216553326827 0.16720457460965032 
