0.0625 1.4863983222603576 0.32483809082772397 0.41933023353534726 
0.1875 1.4394277949722918 0.3028372042360019 0.383392286963524 
0.3125 1.3662613681212852 0.2984432249514133 0.3651541910908138 
0.4375 1.331960616175756 0.2649751456560243 0.34926893333543485 
0.5625 1.2052679190499886 0.26421636160496387 0.34394955965353735 
0.6875 1.2246712923447682 0.24909030906695928 0.3188962339942134 
0.8125 1.1889316616071952 0.30631436717584803 0.44071492717122207 
0.9375 1.0347328013660226 0.2310595724799881 0.35539489989121975 
1.0625 1.2483452769489618 0.2820451679196101 0.3533805741579312 
1.1875 0.9352709232998514 0.47126947056055984 0.4498101791566381 
1.3125 1.0893347472135666 0.3050046551804303 0.3823998051042581 
1.4375 1.2869461713194654 0.9065252141175633 0.32763703487254436 
1.5625 0.8018061765777555 0.3212829259223651 0.377519984245271 
1.6875 1.3835290744611723 0.24785922569899355 0.2080001705888801 
1.8125 0.46257835746805265 0.11193394159434994 0.3866066375885647 
1.9375 1.1809272022106394 0.34897331887784955 0.19321188052976357 
2.0625 0.4702913935233295 0.11127359942576742 1.1380806648211705 
2.1875 0.6750600917427125 0.14537790751687207 0.31173692039483736 
2.3125 1.4459941296482293 0.1571153414315154 0.161374719315178 
2.4375 0.486943534622447 0.06821589589249621 0.28014628151034526 
