1.0 1.5004808083617276 0.3443950324388436 0.4377376227870735 
3.0 1.4429859236223588 0.3149118324393947 0.399784092167784 
5.0 1.2915461047743906 0.2496966439049002 0.35343946581287233 
7.0 1.1689013645566486 0.23962828641696676 0.26313186154839063 
9.0 0.987242294112175 0.18434613382841958 0.2609009260469439 
11.0 0.9048958848776592 0.15427805869200162 0.12726226568051202 
13.0 0.8679115223976177 0.15088553989882691 0.15252648923242762 
15.0 0.7980512602127198 0.05960871218530106 0.23335046026503925 
17.0 0.9413195604987713 0.029236694381109207 0.024553063043371126 
19.0 0.8501214837705511 0.0 0.0 
21.0 0.0 0.0 0.0 
23.0 0.0 0.0 0.0 
