0.0625 1.152582688864684 0.25478312558835725 0.30443049152658275 
0.1875 1.177256405325819 0.2218391609378465 0.28527222617691095 
0.3125 1.2049075937216769 0.26118407297447477 0.29545201878683924 
0.4375 1.2383759758753188 0.2574199069042312 0.31798181881235776 
0.5625 1.2762163629619414 0.26767933052660364 0.3266809706102316 
0.6875 1.2839729581467076 0.26150422036475796 0.3329928026679081 
0.8125 1.2573126895521558 0.2564522038550141 0.33116943858439396 
0.9375 1.2187984934608957 0.24604642466453353 0.3212482014337825 
1.0625 1.188805176458551 0.24671900034678496 0.3575828572196167 
1.1875 1.1355130511694886 0.2366097733982252 0.373505613159258 
1.3125 1.0832509656142113 0.23836581230924403 0.32789137637146504 
1.4375 0.9805999810268701 0.21690789904829488 0.27274419832858265 
1.5625 1.0519434673725279 0.2264522045481253 0.36247566045077506 
1.6875 0.8949700315590303 0.24397262980991452 0.43956849122770136 
1.8125 0.8803110141848771 0.22554376270795717 0.308541771518305 
1.9375 1.0831096928469393 0.241708242070793 0.31628576615269366 
2.0625 0.4722414903455572 0.15884366307799103 0.386765833476021 
2.1875 0.9152088416344086 0.17829904856451917 0.18028655830819185 
2.3125 0.9440272417310899 0.7026347056845477 0.4661260170268301 
2.4375 0.5387643895925115 0.1603346070763102 0.16382878158551506 
