1.0 1.32719746515758 0.573078514213794 0.4262716143484653 
3.0 1.1816719241538793 0.6758590439331732 0.44493661308292487 
5.0 1.1538748382453634 0.6635974681331214 0.4391227371270996 
7.0 1.1069183596288004 0.6319000470017684 0.4400742586122497 
9.0 1.059485992192442 0.5932775736141691 0.43220106503488154 
11.0 1.0003301816150139 0.5494041287106701 0.4520128650377411 
13.0 0.9726476740232639 0.5250118191847609 0.46653636259250986 
15.0 0.9328644988386865 0.4718572976288341 0.4934232113678749 
17.0 0.9191642881678197 0.4523575306992667 0.5107013074235538 
19.0 0.9060237871242154 0.4304437038415719 0.5149438358074336 
21.0 0.9077157372918534 0.4353684743745188 0.5181454527767575 
23.0 0.9145241165581828 0.44358889322494033 0.5254892296646385 
