0.0625 0.0 0.0 0.0 
0.1875 0.8295599747279476 0.008020029674840723 0.008020029674840723 
0.3125 0.7945212966981239 0.08969250690691133 0.18451992776216575 
0.4375 0.8245037094411799 0.12292266812289931 0.23097484125975043 
0.5625 0.847161390449794 0.12965418068978773 0.21228774063745626 
0.6875 0.8757367859093739 0.13007473092874766 0.21880247397575703 
0.8125 0.9119137583992775 0.14031755329589768 0.2072373329721563 
0.9375 0.9475835101824057 0.1534070694361801 0.2158968192840065 
1.0625 0.9877816430305217 0.16660307809733144 0.2316417680240308 
1.1875 1.0093226301067388 0.16814649735849985 0.23765510118001498 
1.3125 1.021743274657577 0.19994505878777946 0.2854368996495229 
1.4375 0.9848214568248789 0.21908560578032865 0.24153164208014688 
1.5625 0.893863136594481 0.14729603882797992 0.224153735282146 
1.6875 0.8093567035687159 0.15173358532423709 0.2368605869869418 
1.8125 0.7535495585201671 0.18129387761280846 0.27862908197971825 
1.9375 0.7667899754553944 0.1611972710488776 0.25811758738090296 
2.0625 0.6494352451768617 0.12372358985747578 0.2583475236333439 
2.1875 0.9407713114866827 0.08673209367510104 0.08673209367510104 
2.3125 0.48012338550107253 0.06973981941494656 0.24491588568464923 
2.4375 0.7660817767307893 0.055650569805601235 0.517833915724971 
