1.0 1.2970537265496498 0.2754615633604738 0.3570578241462523 
3.0 1.3752402831305184 0.3089755679896329 0.4111526269288148 
5.0 1.3466306690502332 0.26714570128323856 0.34535034021833666 
7.0 1.2625892055268115 0.26423918949847147 0.31524572093739 
9.0 1.1213912352582065 0.2132788576355753 0.2571233450240271 
11.0 1.0395337368101427 0.18145418276303904 0.23461360556572242 
13.0 0.981949555494287 0.15959471714621765 0.2303899028167311 
15.0 0.9129917574800012 0.1446899886052364 0.22253470917903562 
17.0 0.8825321086366464 0.13927433991907012 0.23696147673987533 
19.0 0.8479617837070118 0.12817285036639414 0.23491146273064245 
21.0 0.8204771755420268 0.12250192041752705 0.2256772326075751 
23.0 0.799779226342731 0.10430271753979836 0.17387992611652303 
