0.0625 0.0 0.0 0.0 
0.1875 0.8300946630579537 0.10081642319568496 0.1912033892983559 
0.3125 0.9300606193406743 0.16114945774416223 0.19651933878966854 
0.4375 0.9657403191302589 0.1527531771811549 0.20842565243382905 
0.5625 1.0126605801542214 0.16910495360448874 0.25018198151180226 
0.6875 1.068736664749868 0.1952716859618081 0.2515819608172005 
0.8125 1.095312890949428 0.20382790388523908 0.26404975350925985 
0.9375 1.1002779765736674 0.20162254952020364 0.27139375086964446 
1.0625 1.0758689754824016 0.21203883713080607 0.3122919183644781 
1.1875 1.048925665042506 0.21064072351433982 0.30650750568480656 
1.3125 1.0667713245572312 0.2291018546580832 0.31782375394479767 
1.4375 1.0381719510625702 0.22373191503861212 0.2782405069767455 
1.5625 0.8563807190049166 0.1847952396384832 0.2972855690320917 
1.6875 0.8352725856816943 0.23203339730525152 0.28097458012940657 
1.8125 0.8997782144708868 0.22825896360521136 0.33664062297085073 
1.9375 0.8839616253803169 0.29817273538497546 0.37952800540715437 
2.0625 0.6848211459533519 0.2080186417649652 0.23736968412529924 
2.1875 1.0655831913168181 0.1868289818144937 0.3173632849854213 
2.3125 0.4109550562701943 0.13702851621242762 0.30983341771611245 
2.4375 0.6139690509937628 0.0730193438266088 0.13124346993397074 
