0.0625 1.4593291208153563 0.34224626945431225 0.4268448585725384 
0.1875 1.4526452354183959 0.3259490228683277 0.40211040905544193 
0.3125 1.4514065349884382 0.3163372643494131 0.3977121357219884 
0.4375 1.4138569249799149 0.3115233211856365 0.40330527616528045 
0.5625 1.3801709093270094 0.304454081739842 0.389585587716351 
0.6875 1.3245585964005793 0.2986227757660893 0.37991284820171844 
0.8125 1.2402731630819803 0.29252087275826555 0.39084770829582394 
0.9375 1.1946079409949013 0.2542391662880972 0.35717029664849753 
1.0625 1.1259442986762505 0.263959120396022 0.30646217340394744 
1.1875 1.0485581697461357 0.24758154008182642 0.33200188429707334 
1.3125 1.1153258515735553 0.22989117941133053 0.31719583841778776 
1.4375 0.9047160527612275 0.25870786904538023 0.3744526946138056 
1.5625 0.942281159496623 0.24047635882099927 0.2821866879859264 
1.6875 1.2281341832138026 0.3839811921370484 0.32199101493042703 
1.8125 0.5980899387857036 0.17896437101101875 0.2801745514398881 
1.9375 1.1180306591483977 0.2610227754145479 0.29518557189493966 
2.0625 0.4844516414535747 0.1641326863766483 1.0877010851980118 
2.1875 0.8342581773531348 0.20417287225691205 0.23146906405251833 
2.3125 1.4580613604937793 1.0162047318561065 0.17662929208824996 
2.4375 0.5983624432144383 0.16397911717037383 0.25282507396203213 
