0.0625 1.3149647453683988 0.31444721071145443 0.401120451708608 
0.1875 1.2643734522420766 0.2938717127784969 0.3766306833638522 
0.3125 1.2051967562788808 0.28718529135266113 0.37160426651836365 
0.4375 1.155819326635134 0.2939901751862076 0.35635578944649815 
0.5625 1.0929232586737314 0.2888370549438347 0.35785533736876207 
0.6875 1.05528750521051 0.27546243777549206 0.34624440173967486 
0.8125 1.0193583089881564 0.2560801462906851 0.3365293114358643 
0.9375 0.9968928531159998 0.22916401656897922 0.3187743932133812 
1.0625 0.9834371710502416 0.22049072855476437 0.2941219204368348 
1.1875 0.9191668591682438 0.21057558349056116 0.28868180766230456 
1.3125 0.9542512674827508 0.20780703618294805 0.26952298732561 
1.4375 0.8541867867186721 0.24034402734527904 0.35034738344715355 
1.5625 0.8350114782414153 0.2081349925302759 0.2535176792289968 
1.6875 1.0653169521482362 0.4214530113423942 0.3702043697211246 
1.8125 0.600397958591814 0.1919059481656077 0.2815186483594675 
1.9375 1.0373457058459024 0.24604477750712883 0.23824393073163308 
2.0625 0.45060440347263275 0.14276730928242715 1.013139171705395 
2.1875 0.7951397342031673 0.20125605383195355 0.2033618717043404 
2.3125 1.2603781958841571 0.9327387353042725 0.2365681741386121 
2.4375 0.5324190740899541 0.13971714265357388 0.21479804531551872 
