1.0 0.9759485010344454 0.3114296876381142 0.3083360260708762 
3.0 0.9435470330214417 0.23591252559376785 0.2951705963665694 
5.0 0.9528712276526703 0.21418389615641353 0.30404457931249107 
7.0 0.9791090489030932 0.21980327168783143 0.30850021836098296 
9.0 0.9824130257957285 0.23119645778162345 0.3093962739028725 
11.0 0.912896665061508 0.2019349458345574 0.2736408209584513 
13.0 0.9011630824564474 0.2192922979585663 0.22211203572589655 
15.0 0.8796610333270236 0.1939270867955234 0.20112212424250386 
17.0 0.8653965046607706 0.1695069142003922 0.2464939704730722 
19.0 0.8764556201266196 0.15868548893256085 0.23135243028031516 
21.0 0.876164627164093 0.18548321869037931 0.20233655377401227 
23.0 0.8238396877704816 0.15686074767456382 0.20840797455256477 
