0.0625 1.0038409673851592 0.18748494384709757 0.3913212220317912 
0.1875 1.0405213968034035 0.2146384029711942 0.28812469441781374 
0.3125 1.075822704366567 0.25437100810517854 0.2889720392596846 
0.4375 1.0994434337237458 0.24904680082977593 0.30266086303228557 
0.5625 1.1282115195569336 0.25203355762495494 0.31594787144176917 
0.6875 1.127279246844709 0.24399046573602778 0.33487193374165036 
0.8125 1.1056300372549033 0.24177943815991443 0.3196200646752767 
0.9375 1.0626323412398915 0.22724665100560804 0.31015556997197913 
1.0625 1.0374582490824873 0.2268096411102628 0.30076271654061415 
1.1875 0.9898494471526842 0.21712623443237433 0.2882192146945797 
1.3125 0.9358222453371456 0.2114819455548893 0.26496275241284994 
1.4375 0.8746141768591069 0.200391293026566 0.2938490190540999 
1.5625 0.9141547881219565 0.23369747392461648 0.3117105757501768 
1.6875 0.7924978296290311 0.19776408190552897 0.30104002541028707 
1.8125 0.7809344166688282 0.1951399511140487 0.2713942592247115 
1.9375 1.0242946402199151 0.22238803056747014 0.27512967762542284 
2.0625 0.44845994410687556 0.14455142108401925 0.3729072085474217 
2.1875 0.9023074074726838 0.17860803764216937 0.159454827886929 
2.3125 0.946988783262021 0.7073226499765387 0.4631945688828809 
2.4375 0.5171045072569294 0.1428129034952143 0.17563900897764495 
