1.0 1.3401122607551594 0.36181831866678393 0.4202164016394896 
3.0 1.2377091348895437 0.38792971071702465 0.4016713695519012 
5.0 1.2130602074345445 0.38635159080566384 0.36948535100929547 
7.0 1.1580744216983583 0.3685197159400576 0.3397843327622574 
9.0 1.1024706182973543 0.3414526159582867 0.30313323448725016 
11.0 1.0233950369962497 0.29870375520692094 0.31054541396466173 
13.0 0.9740097642714162 0.2730005705794297 0.3170329113032423 
15.0 0.9317793045516334 0.23464709316412025 0.32034572356297475 
17.0 0.9146520346222153 0.2249659359079338 0.33238006488212135 
19.0 0.9017704082008345 0.20574564673374074 0.35579171965136125 
21.0 0.8954057466224482 0.21626087966600593 0.33679647474894614 
23.0 0.8996596633481151 0.21555322913411057 0.3487681463638441 
