1.0 1.0980876067347904 0.23384056673768683 0.29220127310214106 
3.0 1.1897784123118607 0.2662658901681969 0.35011372523047046 
5.0 1.3104898984450146 0.2793836739923736 0.3518976029457117 
7.0 1.2705179970418021 0.2412225139266051 0.29584209575086073 
9.0 1.2474859070445423 0.23119161473056082 0.28358342702351513 
11.0 1.1760405574105162 0.22554146246372442 0.26013559242359063 
13.0 1.0641281564069596 0.17855326510215697 0.25320928349722926 
15.0 0.9884790157602217 0.15644594025338754 0.20570523407252317 
17.0 0.9566994076381106 0.15295929584104984 0.18370040152447786 
19.0 0.9133789223311071 0.13669382527062313 0.2209842554385839 
21.0 0.9212347677160806 0.14331961063457777 0.20157121073035356 
23.0 0.9085074650703295 0.1406948899702224 0.2095818996736898 
