1.0 1.070128202825401 0.35396389749568036 0.39586916452782006 
3.0 1.0197794103530864 0.3276759390533258 0.40438660144493865 
5.0 0.9718894490317127 0.31275330870367113 0.4309501396317663 
7.0 0.927612602340532 0.302604991352303 0.4501112419184743 
9.0 0.911606899844066 0.31636595771939324 0.4405033282879053 
11.0 0.8943109384313022 0.32899130478782557 0.4341076579624201 
13.0 0.8996878307768374 0.3513039146661323 0.44093780224488643 
15.0 0.9105251400584251 0.3668660700253106 0.4364695257945539 
17.0 0.9099264747187064 0.3719671055973537 0.43773442756208625 
19.0 0.9291929107224464 0.38782251373126664 0.41273231653525944 
21.0 0.946440038029608 0.4094074828288452 0.3902260914892318 
23.0 1.0083421534506434 0.4547311290782645 0.43288884623375545 
