0.0625 1.170153931760351 0.2788655042155642 0.2643642622710436 
0.1875 1.1881782441271127 0.2394031626403974 0.27721764145129724 
0.3125 1.222683837256968 0.2713331476176096 0.29064913891969146 
0.4375 1.2561825743409452 0.25909348392120457 0.30499674019595524 
0.5625 1.3028610135001197 0.2657474479677935 0.30811547947647133 
0.6875 1.308383849362208 0.25858259523833804 0.3173169015104633 
0.8125 1.280883263942327 0.24153099372920428 0.3087648078354597 
0.9375 1.2498071050149056 0.24121834947039655 0.29805908290816663 
1.0625 1.2326377647000906 0.26285573242996907 0.31411703999309304 
1.1875 1.1567492145905143 0.22807145977021537 0.30715292654150916 
1.3125 1.077335991571581 0.20784531181724786 0.29616181354907 
1.4375 1.031323825899858 0.25696737335943753 0.29820177373055046 
1.5625 1.039422545655837 0.22580154381568474 0.31527045118454633 
1.6875 0.8856146963229308 0.23729141851455104 0.30021651245391445 
1.8125 0.8566396377613359 0.20291315987667924 0.2688926443143964 
1.9375 1.058976084843314 0.192010164183395 0.3021268190578421 
2.0625 0.5324569750306486 0.1324451046410539 0.3698223665309165 
2.1875 0.9262716613271467 0.14000605691234802 0.1606692874799256 
2.3125 0.987236927339207 0.6471805240385342 0.40644790794387076 
2.4375 0.6267265799053666 0.11718748496692233 0.1640679995382781 
