0.0625 0.0 0.0 0.0 
0.1875 0.843624739239721 0.12032760537968645 0.16381003042098563 
0.3125 0.9148931457059979 0.1497459072450691 0.187160044905619 
0.4375 0.9562272976534693 0.16002528710741482 0.2001305863243551 
0.5625 1.0063075262232186 0.1717661729411184 0.232121458989049 
0.6875 1.0650579860093967 0.19309844831561374 0.2566853656245489 
0.8125 1.1111437891366303 0.19812613671950285 0.262151208157672 
0.9375 1.1307464321506473 0.2071838178922577 0.254272296318784 
1.0625 1.1221574524290263 0.23306429095762582 0.2782178730602354 
1.1875 1.1098112238953086 0.21220301176174794 0.30202061781460476 
1.3125 1.1138458185124283 0.20475594925544438 0.2672290466767635 
1.4375 1.0735887613803796 0.2394953686997644 0.26900705644092904 
1.5625 0.9048185072546291 0.2394720405878914 0.2531210436283413 
1.6875 0.8919050568458435 0.2461826150100106 0.2245180751250928 
1.8125 0.8972876810239647 0.2670502972128934 0.2534877270427307 
1.9375 0.7742800170140376 0.13186989614182365 0.2309797168207257 
2.0625 0.7658182865074176 0.23573854458131704 0.20277571090524193 
2.1875 1.0420390179456354 0.12572292007992714 0.21958872310015476 
2.3125 0.4796471461392027 0.15447639923841877 0.30986612467985075 
2.4375 0.6536765893324841 0.07822673370211264 0.12866029069134444 
