0.0625 1.4800643580989175 0.34601917957019523 0.39568147385519303 
0.1875 1.4199905888619089 0.3080433518284931 0.37629292221647814 
0.3125 1.3619330354958867 0.30967799275248087 0.36877166545657714 
0.4375 1.3065423594932728 0.30442882283120887 0.3608111342980085 
0.5625 1.2519030786566232 0.31492247027292597 0.35506763032621524 
0.6875 1.2085111293091033 0.2983409195577358 0.353515113690237 
0.8125 1.1739332047552138 0.2737426787936462 0.3405555885591831 
0.9375 1.1518427673855887 0.2527749223759086 0.32337531603301284 
1.0625 1.1309979726616226 0.23552250375887618 0.3236820912903857 
1.1875 1.0648241760298243 0.2391513856016304 0.3128742750324178 
1.3125 1.0748927443418803 0.21335372022438615 0.29999807779022514 
1.4375 0.9791066490537994 0.28649128841944727 0.35130309252768566 
1.5625 0.9377925060621368 0.21457363762026627 0.2807199380244909 
1.6875 1.1328316903856912 0.37337129248277523 0.33909841190126855 
1.8125 0.7117012459567775 0.1733508009754332 0.27241667602026254 
1.9375 1.0717268456936049 0.20605079950068583 0.24077192233716138 
2.0625 0.6036345570579575 0.16856697680731464 0.8682151562574925 
2.1875 0.8747420280843761 0.1470504896346294 0.16134801708288538 
2.3125 1.2753419589699748 0.8200219455313019 0.21720211344165574 
2.4375 0.6869882754552536 0.1339357443416318 0.17734930880743593 
