0.0625 0.0 0.0 0.0 
0.1875 0.8760262455413885 0.007940363248918447 0.007940363248918336 
0.3125 0.7734683234313744 0.10155332190082567 0.1845758317385332 
0.4375 0.8188790611325644 0.12053690494924452 0.20479728313125156 
0.5625 0.8400032851007236 0.12465243957025873 0.19751341986115956 
0.6875 0.8759533437824247 0.13349921080935323 0.20927451494717197 
0.8125 0.9133182497935612 0.13100257719646569 0.1926624742903098 
0.9375 0.9521954472485512 0.15316066711483445 0.21025908781879865 
1.0625 1.0051500628335286 0.17140633446254727 0.22584898883078042 
1.1875 1.0250753059626496 0.1565276459597118 0.2251949209353883 
1.3125 1.043619562408138 0.17632490041643767 0.22550355230729302 
1.4375 1.0060574173304593 0.15958107888317308 0.19373806111705183 
1.5625 0.9337073155303041 0.20943850570772926 0.20759688466155046 
1.6875 0.8898030704078382 0.17954433110967405 0.26914276463586606 
1.8125 0.8038491437259161 0.17535632482300656 0.15344614636130505 
1.9375 0.7352620683875546 0.15126107158669744 0.15810807861654708 
2.0625 0.6478954083690909 0.14083273507078087 0.10637516966440841 
2.1875 0.8674600771076828 0.18528519118494646 0.18528519118494646 
2.3125 0.5889474153183438 0.05556894616041519 0.27625030035849596 
2.4375 0.778069036091457 0.04055655177683981 0.6290705018089752 
