0.0625 1.4056550936647452 0.2888918093516484 0.3400766745157371 
0.1875 1.3531921470692612 0.28085012085545125 0.3329787637792898 
0.3125 1.2948186880067234 0.2556491167970525 0.30277771639906037 
0.4375 1.2200884990421481 0.23809472682264488 0.29883966634227876 
0.5625 1.1250416801145686 0.22392658634132823 0.27760830284007465 
0.6875 1.1311611697070074 0.2288519789680289 0.31063631854898444 
0.8125 1.0629958703065028 0.2756664942805357 0.38018118889014496 
0.9375 1.0012307770468878 0.2159789839463253 0.2806870465749791 
1.0625 1.2066749603642375 0.29776727971929307 0.3638751417966013 
1.1875 0.9823533807610941 0.25458191574508326 0.4086764475426966 
1.3125 1.1090725557712389 0.2259088079069389 0.38073388138135345 
1.4375 1.1985429084453498 0.3590204563631104 0.4525235000325101 
1.5625 1.0248353147948808 0.21133558579760692 0.41912035650359636 
1.6875 1.3437789707609986 0.2687289343499484 0.4209781294340138 
1.8125 1.1056131413938466 0.31050077268644705 0.3803210467415348 
1.9375 1.1784517139270285 0.158544937141184 0.5439376510191194 
2.0625 1.4555412433007884 0.19043573688466808 0.49395841199478463 
2.1875 0.9932907876330448 0.029776501089414875 0.0840021085586351 
2.3125 1.6065037434867662 0.03544830406494781 0.03618191002187743 
2.4375 0.0 0.0 0.0 
