0.0625 0.0 0.0 0.0 
0.1875 0.841788846858017 0.09153969165852094 0.1812839577849703 
0.3125 0.8682848029019903 0.14544050432796474 0.15671988042388518 
0.4375 0.86098102260594 0.13419143708336978 0.1681457268142681 
0.5625 0.872306171450713 0.13464262447052966 0.17417288651604457 
0.6875 0.902093564144152 0.1328563596152217 0.1776227404176235 
0.8125 0.9584361316895541 0.14206530522619387 0.18077021446088282 
0.9375 1.0124714308701255 0.1685037811199792 0.2241404427573752 
1.0625 1.060039755925473 0.1843530034273818 0.25573561510247855 
1.1875 1.1085554153115353 0.19821686718527165 0.26413796956796487 
1.3125 1.0938341437634722 0.20302258349368163 0.2448165332197063 
1.4375 1.0403099397480953 0.18821391477673977 0.2022489486126431 
1.5625 1.0012591231250363 0.21384869296014708 0.18844707567491747 
1.6875 1.0284277478968302 0.2080367965663501 0.28185933766537374 
1.8125 0.9232443852233574 0.1551409502485953 0.3217469542930067 
1.9375 0.8343185468972248 0.18348553065853335 0.35953975236560043 
2.0625 0.8063922435930241 0.17653831844331658 0.14750900327665384 
2.1875 0.729157969239042 0.13044784923402908 0.20406546642241774 
2.3125 0.8754310411370851 0.09906389863441378 0.4703674087624441 
2.4375 0.6817817494254693 0.19077876989384496 0.10042041662502632 
