0.0625 1.3978088485360423 0.28285136230943553 0.338041933966692 
0.1875 1.358824728300612 0.2664601767700787 0.3398536527899849 
0.3125 1.3192984656278814 0.2603045125561796 0.3279956939490485 
0.4375 1.2930246624750423 0.25365082416698526 0.32426510646951456 
0.5625 1.2424109933808873 0.23446198278515684 0.29932746008486544 
0.6875 1.2062750682493357 0.23595113681161817 0.28331373533897564 
0.8125 1.1455069161813094 0.2494839276470443 0.303014319163045 
0.9375 1.1308269620326918 0.24757529527782263 0.30898610403793336 
1.0625 1.0738223488764422 0.2570150196797697 0.32109885127031323 
1.1875 0.9860975002260417 0.2109255822524546 0.32715100120058027 
1.3125 1.1096410044644278 0.2563788557633341 0.3707078884282313 
1.4375 0.9305646244411233 0.2595060957976565 0.33835509612484327 
1.5625 0.9609177245391264 0.19560424308933155 0.31034669061561415 
1.6875 1.1502726711272238 0.3228040202609228 0.39230714780647813 
1.8125 0.9157243764254123 0.218258855208326 0.3529338888986072 
1.9375 1.1784884140218095 0.20079293802636833 0.3925902217987125 
2.0625 1.0181634201519758 0.3210259397297207 0.37471366298287645 
2.1875 0.9498548399189144 0.02437278285906963 0.32755428819177657 
2.3125 1.4663087794689766 0.07211581516686127 0.0022796470832631144 
2.4375 1.4374034528243274 0.41998506103460764 0.0024171302475379797 
