1.0 1.2655697666752788 0.28107659587552014 0.43513056179573817 
3.0 1.0659649866331513 0.30504152267129114 0.39386998122421457 
5.0 0.9189302962385939 0.24647022926065776 0.37065795335831764 
7.0 0.8732980479127792 0.18736144952482314 0.32340898867160806 
9.0 0.8566630919348871 0.1794794230824227 0.3413348203369634 
11.0 0.8675761139740619 0.1593895445355734 0.4264204767737616 
13.0 0.9259824074787751 0.2538501637050311 0.2620981338237619 
15.0 0.8918711592109055 0.11620775432119967 0.3776767556972652 
17.0 0.8530301836276644 0.1724766943615368 0.2823788621959251 
19.0 0.9392909148841226 0.2831835058985652 0.3254335622194009 
21.0 0.8605793869163254 0.1778230166487036 0.12487205877211449 
23.0 0.8673257304340518 0.18724775342504663 0.33129754782295784 
