1.0 1.0145116932289557 0.172713580927071 0.6359922371818656 
3.0 0.9996381838134175 0.1667627593309765 0.637999989352351 
5.0 0.9706586758937046 0.15913208028876968 0.625540700152732 
7.0 0.9569096051526101 0.16981341037536635 0.6228171028356649 
9.0 0.9344837548196868 0.17361964659654616 0.6410879473971235 
11.0 0.933335341271214 0.19339372458026305 0.6490849283479594 
13.0 0.9127406995656561 0.20002759702369954 0.6753984450286762 
15.0 0.8985200872212616 0.20519766360208302 0.6691334976654458 
17.0 0.881318377746263 0.205087569724403 0.6616112580058917 
19.0 0.862196978959853 0.2052136712750955 0.6406255251652927 
21.0 0.8186999089173892 0.17472529427838102 0.656461367191391 
23.0 0.8020941034457283 0.19039252455774913 0.6239373417259555 
