1.0 1.9278648039967488 0.5750409733914328 0.6819838023701275 
3.0 1.6000045700720495 0.4065953329152667 0.5695007300044701 
5.0 1.5803790579616472 0.38288638407389985 0.5173648669668829 
7.0 1.4336278175971617 0.3302786801124755 0.46189131854750887 
9.0 1.4337159669790807 0.3195479598774811 0.4429311269658849 
11.0 1.4239134139488665 0.31086961672144575 0.42162107801734705 
13.0 1.3349327439616907 0.29739078820225107 0.5019870391895007 
15.0 1.271432368297946 0.30763309753351953 0.6306992787023322 
17.0 1.3527633321043908 0.38220323183526195 0.6952591535794117 
19.0 1.3801533377617357 0.40869139962907786 0.6782739688467923 
21.0 1.4270857476027365 0.41765447345465057 0.6275122308165781 
23.0 1.3840258472361162 0.3358957773276916 0.7751487560213772 
