0.0625 1.3793866518687878 0.25044856487553746 0.38721403559480416 
0.1875 1.4305436085556407 0.28953799510951694 0.363028290436892 
0.3125 1.4509725779721985 0.32209752461703367 0.3876786205774323 
0.4375 1.4582180515193914 0.32038154844355926 0.41496530536603804 
0.5625 1.476882872327578 0.336507398610705 0.43807015419517215 
0.6875 1.4870354497859215 0.34222849257660215 0.46632284627770093 
0.8125 1.4720994413712234 0.3425274668025029 0.4849274344034562 
0.9375 1.450340981352786 0.338436077596431 0.4887643205736789 
1.0625 1.463002684587308 0.35414553383907776 0.5162768502397996 
1.1875 1.490344899268607 0.37495027121673274 0.5252963798763375 
1.3125 1.4471383479680053 0.3517200731905179 0.48476629847914876 
1.4375 1.3155534633623098 0.34340922024158516 0.5033206041928855 
1.5625 1.4221107850335222 0.4339703934054946 0.4911343630892939 
1.6875 1.5064737255151899 0.4111441376711751 0.6349049329760152 
1.8125 0.943913900485395 0.3238707852889915 0.6744672915839952 
1.9375 0.651305997564698 0.23728093760132157 1.0859455841109047 
2.0625 1.2033035637808869 0.3659230072042182 0.3770416385581272 
2.1875 0.5278286670886015 0.1419235054184958 0.25960216923541046 
2.3125 0.746928737587452 0.32897153460638207 0.8330486669668371 
2.4375 0.9514031560678988 0.16514486290296027 0.2536524163926068 
