1.0 0.9859147142365172 0.33120878999286085 0.34095781552458093 
3.0 0.9396394577253144 0.2407274728649722 0.2943975264733567 
5.0 0.9581622641775736 0.20874736416828943 0.2711552931258914 
7.0 0.9931505564923653 0.21201109698114717 0.2566685751986424 
9.0 0.9750128149593627 0.20400004954070983 0.2544721168051207 
11.0 0.918082357504803 0.17314740004635165 0.23546945146823506 
13.0 0.8852948441573203 0.16418177829631786 0.21370263861166716 
15.0 0.8698982982651592 0.15899380636249993 0.2082284853047166 
17.0 0.8546846184707391 0.1541585845268748 0.18279759699099873 
19.0 0.8740128481104144 0.16686241969506477 0.17836721284690515 
21.0 0.875788423173782 0.139277342768089 0.16279226547216408 
23.0 0.8307290281352361 0.13656739945720442 0.17583081854964566 
