1.0 1.1261819569188256 0.223339056480658 0.2783769628283035 
3.0 1.1707329161354942 0.254706167340777 0.3160634004076701 
5.0 1.1647046357130775 0.22131353067571768 0.27430876686023997 
7.0 1.1057280945226051 0.22401226517820128 0.25779819879063326 
9.0 0.9822260235494681 0.18177982236263623 0.22192725824561477 
11.0 0.9078575141984051 0.15297533593243728 0.19378629536975311 
13.0 0.8542298443762233 0.1338007152979207 0.18373541452238173 
15.0 0.8037623311375293 0.11894764314925999 0.17566527293925815 
17.0 0.7777400355295179 0.11678418030746274 0.19611793599032656 
19.0 0.7444602020247019 0.10378717600697207 0.20796185171324488 
21.0 0.7267584303592306 0.10321830237195662 0.1690856953993114 
23.0 0.7025640583245624 0.09123441684298039 0.13541511191055133 
