0.0625 1.242949528330323 0.26504544203613645 0.31513001716756084 
0.1875 1.230051901676636 0.25405727891450425 0.3110889865134523 
0.3125 1.215933191123877 0.2471260534452573 0.3134338033088695 
0.4375 1.1836282252805321 0.24817743251304403 0.31123259594016783 
0.5625 1.1499433510805361 0.24201872783174305 0.30122956033044823 
0.6875 1.1026585809508334 0.23704636851332694 0.3000996349706271 
0.8125 1.0424732777054302 0.23838305591565656 0.2972761113673992 
0.9375 1.030141122560225 0.22554123145096538 0.26644370721606814 
1.0625 0.9617160189957217 0.2055219706243525 0.2729290077877331 
1.1875 0.9149908698366143 0.20932759283509872 0.2566916738339513 
1.3125 1.021262352960781 0.24040647257599856 0.2966002712178899 
1.4375 0.773652255525161 0.20027223081736567 0.32784122815027006 
1.5625 0.8840206453084352 0.19776350749855476 0.2620781073756342 
1.6875 1.1386225693869285 0.39729040757842626 0.3014609020547363 
1.8125 0.5888066470871229 0.19141644893156817 0.2343241750577657 
1.9375 1.0398542211002968 0.21553290341193354 0.23431682981665292 
2.0625 0.4284640001152532 0.12107849071254229 1.0036498547818336 
2.1875 0.7880410039217924 0.22026908174668292 0.20505133224357774 
2.3125 1.3126820302613533 0.8488336906161236 0.17874715430940724 
2.4375 0.5210230213174808 0.1631163320948647 0.26941355814340195 
