1.0 1.0368977628180238 0.5441875731643695 0.5227957742680103 
3.0 1.0033610702087516 0.5270234446273827 0.5403512635985486 
5.0 0.9812529522541517 0.5150992105447127 0.5503384898455764 
7.0 0.9568959734627767 0.5042681270028928 0.5602072093301973 
9.0 0.9447994143929661 0.504716744881874 0.5505098877271015 
11.0 0.9181466114760666 0.4954163884024858 0.557323405940211 
13.0 0.9193502299610447 0.5032133898786652 0.5550225970794848 
15.0 0.9251449195151971 0.5070825675388204 0.550563136472151 
17.0 0.926856977161177 0.5060186025756759 0.5511699530105623 
19.0 0.963544201254362 0.5349608086780033 0.5124810035895184 
21.0 0.9676424160868562 0.5396171624325758 0.5082023297077989 
23.0 0.9822828678328241 0.5537310386392255 0.5016267766081766 
