1.0 1.2663825484727664 0.29620043414985053 0.35408929157654434 
3.0 1.2409933485479376 0.25630935158025137 0.31186438030818575 
5.0 1.1388778650265508 0.21132219952784836 0.2773153550225873 
7.0 1.0349394838898367 0.1980488504529535 0.22259571588142557 
9.0 0.8858826055703443 0.16908247330450044 0.23241121867944503 
11.0 0.7974303130075062 0.10234451003050371 0.09184137170877615 
13.0 0.7342854909707464 0.09804106611367025 0.10212743024515913 
15.0 0.7560873678652411 0.12745768128042156 0.10597247671479193 
17.0 0.7569634453310802 0.04906394461596797 0.004347079961577127 
19.0 0.7834993729809838 0.0 0.0 
21.0 0.0 0.0 0.0 
23.0 0.0 0.0 0.0 
