0.0625 0.0 0.0 0.0 
0.1875 0.7045584122921129 0.04829965536336256 0.04829965536336245 
0.3125 0.6920662131628359 0.08804703636894218 0.15319205458995944 
0.4375 0.7193854845430421 0.10061695527459857 0.17025283849578376 
0.5625 0.7428844960569398 0.10606277052505875 0.17460616478595703 
0.6875 0.7678755642212641 0.11141369717267857 0.16951970760136337 
0.8125 0.7921043295054409 0.11366644894564071 0.16349820855334618 
0.9375 0.8192083376565588 0.13056773728283588 0.16335590710490588 
1.0625 0.8491693398744038 0.1501900558690059 0.17220552935418354 
1.1875 0.8475801226420452 0.13514009452663955 0.1852080027030134 
1.3125 0.8472764280305702 0.13661738086444564 0.18401867276024642 
1.4375 0.8123479064693447 0.15591215805076608 0.17637662961761424 
1.5625 0.7631462243942124 0.15178348690219456 0.1701335855179551 
1.6875 0.72304622674748 0.10831452448763368 0.15035559167050028 
1.8125 0.6367897129247327 0.08510452786205014 0.1534928512403666 
1.9375 0.5948619502230442 0.13797205915018207 0.2542639442447969 
2.0625 0.5588630604336128 0.08302915943148026 0.17626785684704382 
2.1875 0.7904202303343839 0.16026403841891124 0.16026403841891146 
2.3125 0.440782221312425 0.0819848928952076 0.17193873530326248 
2.4375 0.7378483221921941 0.07276949105806663 0.3292429458887294 
