0.0625 0.0 0.0 0.0 
0.1875 0.7692500114042429 0.10265543784615405 0.07741351769052418 
0.3125 0.8036481783621537 0.11479589107369914 0.16750537839111668 
0.4375 0.8384569453717543 0.12588437901067895 0.17671377128039278 
0.5625 0.8882472847338436 0.14336071352974 0.2002587312266395 
0.6875 0.9273477412921105 0.1667287488195679 0.21003630159244402 
0.8125 0.943857613197633 0.1660924477378779 0.21904875467604323 
0.9375 0.9319004504401166 0.1620548737798161 0.23823305854572452 
1.0625 0.929058891644517 0.15997972446011421 0.22165040487160592 
1.1875 0.9272475529300565 0.17484459751811887 0.22101813280367766 
1.3125 0.9192053497934458 0.15783380207075282 0.2218855694471209 
1.4375 0.8540636452147106 0.1552845101751804 0.22695916570483532 
1.5625 0.8033967814758207 0.18355974929719998 0.18352585510728947 
1.6875 0.6944926352819727 0.158193836762903 0.1593650828255445 
1.8125 0.7455148455810983 0.21037233171930636 0.2714322577395687 
1.9375 0.7014450096491656 0.22358824699371938 0.39493921985555547 
2.0625 0.6311318251645327 0.21073732095526804 0.2008686205412803 
2.1875 1.0264147780118982 0.13148633211706795 0.20650541930794897 
2.3125 0.3650932102123734 0.12673358485091377 0.2972812002825094 
2.4375 0.5865015953789978 0.07417018489345972 0.14390607343026696 
