0.0625 1.2606285109705417 0.27526265500710245 0.3306620377060461 
0.1875 1.2239294323270231 0.2593029838433686 0.3131252647275353 
0.3125 1.1681771950842654 0.24802492331056814 0.3051926157708551 
0.4375 1.126945856042276 0.25575838915344673 0.2967739080469165 
0.5625 1.070043465023384 0.25672101200425945 0.2995080852408818 
0.6875 1.0368309610382767 0.24392182812110708 0.2906242859281394 
0.8125 1.0006587853131144 0.22669170630956315 0.2891352886058616 
0.9375 0.984303616416951 0.20613896407368082 0.2633115572628544 
1.0625 0.9793586349613447 0.2068807350980837 0.26506377026406935 
1.1875 0.915922610180978 0.19709318089998962 0.2601469182362953 
1.3125 0.9586317916206557 0.19843762238799822 0.2665446433576466 
1.4375 0.8379027806305991 0.223725985217462 0.3273815351249071 
1.5625 0.8712940761006416 0.21924531628749888 0.2662276577579732 
1.6875 1.0739658053726315 0.4226874382763831 0.3638489607242448 
1.8125 0.6228587656920396 0.19937075833941287 0.2727633384967001 
1.9375 1.0463839546595093 0.24600013971285284 0.2510698397602089 
2.0625 0.4537620359082175 0.13721512203371766 0.9959747284130613 
2.1875 0.8126621376564219 0.20974959012681782 0.20230371996575458 
2.3125 1.2655293447751337 0.9194130531518794 0.21247153175828637 
2.4375 0.5324702630416154 0.15524944011955993 0.2523304573333174 
