1.0 1.178382050019675 0.42347647810676403 0.38879396603791627 
3.0 1.094140029294623 0.5328639326783786 0.42765563639056015 
5.0 1.0729580639351108 0.5299600159220331 0.4241457902623551 
7.0 1.0297876288328263 0.5030722495114295 0.43172586361553766 
9.0 0.9779517067867665 0.46380323667803447 0.4387302632155232 
11.0 0.9241726918697204 0.4290125997847872 0.46497873394581 
13.0 0.8885079087927785 0.4026812449599791 0.498108584753975 
15.0 0.8536647455018591 0.3539792383411391 0.5275651162328128 
17.0 0.8357270231099445 0.33295803955022474 0.550175144085185 
19.0 0.8285220920788614 0.3200107249903308 0.5485340044891485 
21.0 0.8198967197149378 0.31845588318744367 0.5665151400259951 
23.0 0.8166175014178515 0.32118398861523684 0.5868875871914897 
