1.0 1.0139379033345044 0.22323357201451377 0.29438882430425206 
3.0 1.02385025578778 0.23079949146226775 0.281106331562452 
5.0 1.097497920993739 0.22961329255649887 0.29269771488969054 
7.0 1.0721510202352589 0.20180449396969113 0.2481034768758179 
9.0 1.0483681791197283 0.1863475970981402 0.22181394288452605 
11.0 0.9945913764497811 0.18273680629979083 0.2170233628592566 
13.0 0.9015341055958148 0.14931729362867963 0.20963888159826571 
15.0 0.8430184453959757 0.1253884762559373 0.17593199387018066 
17.0 0.819000636657169 0.12481057337213164 0.1805659511103127 
19.0 0.8027190658820947 0.12974380247149542 0.17770943863591404 
21.0 0.8091697579413102 0.1328441815562017 0.17391847065578359 
23.0 0.7933516372936802 0.10968535801178547 0.1664049826488614 
