0.0625 1.0136626089805818 0.1640739806016136 0.2602806491215359 
0.1875 1.038797184736083 0.19199028644396066 0.24260774649366912 
0.3125 1.0688070797353313 0.2173697516277815 0.23398421870488884 
0.4375 1.08963544886184 0.22370914274527975 0.25627805125732706 
0.5625 1.1078535324154861 0.22470525609557146 0.2681502913309033 
0.6875 1.1030950994364845 0.2133440837884365 0.2697384129775542 
0.8125 1.0800395665673606 0.20408115630888923 0.2566062651164911 
0.9375 1.0478348724970319 0.19691069814787088 0.24573614052623505 
1.0625 1.0307792707665577 0.20717893573880986 0.2495851788424579 
1.1875 0.9761114316153284 0.18744824082790157 0.2673114598095677 
1.3125 0.9405243972625652 0.19009677931929547 0.2511249924536578 
1.4375 0.8772793609272338 0.18740262302360366 0.2484679855550571 
1.5625 0.9737111892138115 0.2296008093481534 0.3219462036098495 
1.6875 0.7832264241748398 0.20965955829315863 0.27586455224882556 
1.8125 0.7988612222522995 0.20823790478046766 0.3076828282442343 
1.9375 1.0266121891269637 0.22651700433237165 0.29765854453911733 
2.0625 0.46613443287011025 0.16137005328892007 0.2996201154893602 
2.1875 0.8825795779071726 0.1628037339332471 0.16517210964044748 
2.3125 0.9084312900551347 0.6580802675920461 0.4425811619169272 
2.4375 0.5275220993012971 0.13385294846195378 0.1773319748123401 
