0.0625 1.2665570756274516 0.27836600998508887 0.3317381601711029 
0.1875 1.246354951824724 0.26442500529601476 0.31034559316069443 
0.3125 1.1696887015575486 0.24134444305530178 0.2942643200316093 
0.4375 1.1658230957895674 0.21572057285563973 0.26059342658747164 
0.5625 1.039772708785135 0.20780471469813844 0.2727849521347048 
0.6875 1.0763998299900843 0.1896616994776278 0.23792655618778658 
0.8125 1.0023965327189486 0.23291864993222788 0.367612779060575 
0.9375 0.9181778766262922 0.17976292866040233 0.21364101298560012 
1.0625 1.1182073257819634 0.2408873738094669 0.26940314233658125 
1.1875 0.7722425282401718 0.25970869385078554 0.31345537346362573 
1.3125 0.9706943833538458 0.18838036878521147 0.2015386003759455 
1.4375 1.1336639816635017 0.7242291615799528 0.4002724176093788 
1.5625 0.7986234842457006 0.28736790115745015 0.19789812412937802 
1.6875 1.3410688379765434 0.23510354109702525 0.1979022302952833 
1.8125 0.49207980980096383 0.11985340063553901 0.24451434824690926 
1.9375 1.14642994627775 0.28704305902662874 0.19581508341559295 
2.0625 0.5216726101115369 0.1505891510954553 1.0513327312019491 
2.1875 0.7668217207968948 0.16746412088451668 0.23856140283360006 
2.3125 1.4301776645426263 0.1740435416665429 0.14824813357489552 
2.4375 0.5475889726367803 0.13345832300932764 0.28884171893793964 
