0.0625 0.0 0.0 0.0 
0.1875 0.779279287363378 0.06257457634373242 0.06257457634373254 
0.3125 0.7504917174660761 0.0957469282098351 0.18913805401201889 
0.4375 0.7757512314537703 0.10871683673990529 0.19638129336397037 
0.5625 0.8044737054061721 0.11269906834007926 0.20373258827638918 
0.6875 0.8543918088563551 0.12363238176353741 0.19558822253782848 
0.8125 0.892762384483993 0.13188968953251423 0.19107025633065622 
0.9375 0.9372981324769938 0.1434842196727928 0.19508888256090984 
1.0625 0.9950302256992405 0.15193011163303916 0.23412677521802205 
1.1875 1.0264788434647285 0.17285769797926254 0.21412886125629615 
1.3125 1.048270801500216 0.1881589027551983 0.2404115360851231 
1.4375 1.0147683011573976 0.19576292191104516 0.21968301866361872 
1.5625 0.9253151446550852 0.1764887055217872 0.1618686534088295 
1.6875 0.920775241992693 0.15754317844292431 0.20290459060289978 
1.8125 0.7663818798111024 0.16367892791499183 0.2879133319571079 
1.9375 0.7534402293921632 0.15937740937619427 0.20899040671607683 
2.0625 0.7103916292821199 0.18079907741605894 0.23835621960704534 
2.1875 0.7907074712111866 0.1319127998463786 0.13191279984637871 
2.3125 0.7763793522224437 0.1191223726549806 0.17117404263715175 
2.4375 0.680103787863195 0.10557601542012784 0.42482861843817443 
