1.0 1.1246105309674088 0.5350232644953618 0.6055445088162956 
3.0 1.079859612739015 0.5011773326140049 0.6371920621202565 
5.0 1.0514674394409125 0.4811861100238173 0.6524745901495841 
7.0 1.0250310210442841 0.4625714730947895 0.664674331961397 
9.0 1.0127336076835847 0.45905868742542977 0.6585770307854042 
11.0 0.9808365710643171 0.4386283478294405 0.6728492292056699 
13.0 0.9808679625982458 0.4418648818904122 0.6777186358401462 
15.0 0.9861859223588847 0.4485618230567452 0.6705435214466235 
17.0 0.9874395526669177 0.4496618148686049 0.6682120777267342 
19.0 1.0256702692322333 0.48068472430557707 0.624358544330816 
21.0 1.0367207351184593 0.4973859081295021 0.6076762875222592 
23.0 1.0463844773418174 0.5150414017827705 0.5932113879930101 
