1.0 1.4878746085749859 0.35522668177440586 0.45461210363749327 
3.0 1.474601630077343 0.3315586581608625 0.4080548535860202 
5.0 1.3169237113317092 0.26727121883537786 0.3625539888888698 
7.0 1.1650749936699616 0.25553531917065775 0.26095463048204826 
9.0 0.9739841667118974 0.19605984774907148 0.25068089484838363 
11.0 0.8292094092544084 0.1144916462858162 0.15101262333661158 
13.0 0.8145915910945075 0.12036641357825839 0.20117776758026962 
15.0 0.789659556308282 0.11396600186954742 0.14292351135713532 
17.0 0.7640440664040133 0.06632155665409911 0.03846904005992613 
19.0 0.7387726792604357 0.0 0.0 
21.0 0.0 0.0 0.0 
23.0 0.0 0.0 0.0 
