0.0625 1.498959312175991 0.34664412757828855 0.422300278567888 
0.1875 1.451507360523625 0.3100455684433956 0.3820063204077788 
0.3125 1.366165515740605 0.3007429817667653 0.3591464617096254 
0.4375 1.3133593831775987 0.25576297690958727 0.3232432946836399 
0.5625 1.1849321386005096 0.2515194983960507 0.31158141500564973 
0.6875 1.1766036482424571 0.21552671691219494 0.2729425791477469 
0.8125 1.1254553741531979 0.2616181300610265 0.32307555162438617 
0.9375 1.0017583534972963 0.20391246208249802 0.2596476977308946 
1.0625 1.1854340645051638 0.2227398256098726 0.2760727384749553 
1.1875 0.8594647506514437 0.30825094961596367 0.3964033430438296 
1.3125 1.085944444197731 0.2431775167650988 0.24031611098632255 
1.4375 1.1750371291086195 0.76757351532045 0.464957881192841 
1.5625 0.8792417911698287 0.289166732424768 0.20561119900018943 
1.6875 1.4799584511363493 0.28449752945513107 0.2141457321824669 
1.8125 0.5657810025878679 0.13020590380982344 0.26896515668049825 
1.9375 1.2453681544322068 0.3060342746192096 0.2404940913327811 
2.0625 0.6189749153955124 0.1765852154301094 1.0878182252085165 
2.1875 0.8270715452857698 0.14247144825517555 0.25144037878395453 
2.3125 1.590301734757473 0.2254235611460258 0.11957829870399572 
2.4375 0.6433184742494483 0.11003480355630046 0.267494733747089 
