1.0 1.2795837277257163 0.2695365013287834 0.336852891572061 
3.0 1.4013017476235943 0.31846511644268993 0.4099577715341689 
5.0 1.3850835107439265 0.27997419922929945 0.34870242602098966 
7.0 1.2810845287347954 0.26914434753647365 0.32138280249209283 
9.0 1.1241545325998263 0.21911449506061453 0.2695154001925688 
11.0 1.0168055870382098 0.1721600783831091 0.24008551612986095 
13.0 0.9407738542010539 0.15284410514151636 0.22701467251005403 
15.0 0.877686105425979 0.13133413874636413 0.2047528897844053 
17.0 0.844563038334289 0.12340102663186236 0.2167808420160362 
19.0 0.8034626369063922 0.1102230895830214 0.23454667710727484 
21.0 0.7771439281931387 0.10552602642099762 0.21078490996022414 
23.0 0.7664434739085572 0.1035116725748283 0.16740363447443563 
