0.0625 1.2853689936527595 0.3098420661346407 0.4141025017367481 
0.1875 1.275399412730935 0.3010107872033836 0.38479432900839305 
0.3125 1.2677827430119355 0.29265710830252967 0.38726467656840713 
0.4375 1.2327042310677692 0.29134807406459495 0.39026840549867536 
0.5625 1.196699952992063 0.2838246002692316 0.3852491943053067 
0.6875 1.1456414487499162 0.27614523734647844 0.3623328346699055 
0.8125 1.0812946308410392 0.27474883849345744 0.3543686097470329 
0.9375 1.0476512667083464 0.25422923569528333 0.3334123537674871 
1.0625 0.9723321779509212 0.21982642854123624 0.29726071673861176 
1.1875 0.9086911085223437 0.20950627723131998 0.28346248968019183 
1.3125 1.0083473078079541 0.2261637370126246 0.27925245380693076 
1.4375 0.8143463963468565 0.23363705113989508 0.33874178653629183 
1.5625 0.8585808931805228 0.18224478424333856 0.24119137623422882 
1.6875 1.1276404065390293 0.3842023159737177 0.3270212649908255 
1.8125 0.5663255658290063 0.19022440044524508 0.25203359882532417 
1.9375 1.0396639030146995 0.22468175008494284 0.22912235761926736 
2.0625 0.4205003909804378 0.12340335741662611 1.0410085482544869 
2.1875 0.7723044510625161 0.21146410786182135 0.2007660381149825 
2.3125 1.3039199087758209 0.8782055341830286 0.20951344650431603 
2.4375 0.5272386852487144 0.1496160491111893 0.226618992857318 
