0.0625 0.0 0.0 0.0 
0.1875 0.6661221849128237 0.04506750997668596 0.04506750997668596 
0.3125 0.6593839307945151 0.08759332057077351 0.1571193086495547 
0.4375 0.6969698570285292 0.10936697660072647 0.180042591255967 
0.5625 0.7123887292305922 0.12138233214303795 0.180842084126296 
0.6875 0.7428088293686255 0.12935377169873108 0.20124389660659225 
0.8125 0.77362647717988 0.13378420198712604 0.1960557776526557 
0.9375 0.8033715993235125 0.13481461541712625 0.20484274619113807 
1.0625 0.8500147127459337 0.1555647514895253 0.21829602232569023 
1.1875 0.8609686934442506 0.16924580497810593 0.21218823425486333 
1.3125 0.8571168277135714 0.17972463331802924 0.22957107048619796 
1.4375 0.8190085766912513 0.16119936050257355 0.21129248011737578 
1.5625 0.7213496378202828 0.15231358651343085 0.15725391297888525 
1.6875 0.6888030949252473 0.16670357799569346 0.18758547214657062 
1.8125 0.5868044024909544 0.11258010933888463 0.1580617687223218 
1.9375 0.6044968477974992 0.14072016821146954 0.12388529064351284 
2.0625 0.5235329985188351 0.12209134941530786 0.14322411189967987 
2.1875 0.835986103679358 0.14789144772364404 0.14789144772364404 
2.3125 0.4970719345623889 0.077397707770406 0.07537053286473455 
2.4375 0.6946377130664533 0.07065739738239407 0.43875305767253614 
