1.0 1.1440874315567675 0.23604573397649875 0.2955362468639271 
3.0 1.2196225538619307 0.2952953356302884 0.4011391386031917 
5.0 1.204150432094105 0.26259784242216944 0.3415585983302425 
7.0 1.1144749055508716 0.24327418320203698 0.3054212823211633 
9.0 0.9835622376599039 0.20360052889979263 0.25936567062602245 
11.0 0.8973134452744241 0.1645226317239028 0.23196285787243764 
13.0 0.8339780347362393 0.14406922178872394 0.2032770803191355 
15.0 0.7766426165057528 0.12739784273427457 0.19302106022576304 
17.0 0.747514268706431 0.12345584318851854 0.21493262291781923 
19.0 0.7167441185242178 0.11755523090664832 0.22853799567270938 
21.0 0.6868212317669214 0.10716424545901915 0.19630727155007077 
23.0 0.6673803995393172 0.1051513344163778 0.16824554086177101 
