1.0 1.1834829138271208 0.4406820736395225 0.4191061222282264 
3.0 1.0844439738540697 0.5197537897011966 0.4607021241634053 
5.0 1.0580720023159111 0.5107210516307255 0.4513453273308079 
7.0 1.008807323352988 0.4721387046761053 0.454691234668561 
9.0 0.9601410824094125 0.43287408245603964 0.4498354494431891 
11.0 0.9045229767623264 0.39046893224781165 0.4689051715507626 
13.0 0.87263364346405 0.36393424842326605 0.4937175311692774 
15.0 0.8401710455899527 0.3292993210587698 0.5235832578440385 
17.0 0.8190278318359969 0.30795597852981704 0.5516537138466016 
19.0 0.8110656630542634 0.30039371434080886 0.5530036752829823 
21.0 0.8074754511844027 0.3008488596159562 0.562031430938635 
23.0 0.8078376681713099 0.31044576778738986 0.5684387767769435 
