0.0625 1.3234251944370778 0.3141121681718497 0.3988307627337624 
0.1875 1.2873466602162829 0.2818439898906635 0.35951076026520523 
0.3125 1.2064129986166892 0.2677223882917843 0.33315584919604624 
0.4375 1.1830486702846312 0.22980890212720695 0.28678550755847865 
0.5625 1.0688599144179982 0.21328626857111177 0.2660101526569296 
0.6875 1.0602303904076917 0.18930293906884288 0.2243330680220197 
0.8125 1.0236836872176456 0.22670078749294453 0.28678509758882265 
0.9375 0.9154844630889384 0.1602575202342682 0.1866586102538913 
1.0625 1.0832550405775758 0.20023168818674686 0.22697951809606964 
1.1875 0.7981796651727154 0.31077343513901035 0.3147453596398645 
1.3125 0.9496266324915896 0.18466847591613866 0.23614291966883783 
1.4375 1.0799685677054882 0.7101136603163014 0.40968636628306365 
1.5625 0.7905653274573377 0.2766350231029878 0.17532100223097957 
1.6875 1.303215480760045 0.24128606985082968 0.22473205435472798 
1.8125 0.49481374487341545 0.11470584777852938 0.24674117230572623 
1.9375 1.0997514286593326 0.2718873634868686 0.1965820197760606 
2.0625 0.5305031540501364 0.14048749870543298 1.0520355503176135 
2.1875 0.7179844167007804 0.11876517342600557 0.23638762548568615 
2.3125 1.3881767769599391 0.18173580939157663 0.1897011044105661 
2.4375 0.5554130034690312 0.10599433602954023 0.22733818631997116 
