0.0625 0.0 0.0 0.0 
0.1875 0.7416210490047574 0.10685643655643484 0.12222038699189153 
0.3125 0.7854171736323565 0.1272782336600008 0.17074081915081352 
0.4375 0.8244673903722801 0.1411647470103926 0.20705436453034198 
0.5625 0.8765266644559155 0.16116525705813722 0.2199674232976747 
0.6875 0.9095384628850965 0.17032244470900926 0.2678435623200822 
0.8125 0.9517852629315171 0.18855460546836245 0.27264276995575676 
0.9375 0.9498761970665174 0.1793812876172567 0.2615493892225843 
1.0625 0.9455567340942544 0.1940051056970551 0.24569201487995806 
1.1875 0.9147683027107083 0.17823219223415998 0.2950778016638904 
1.3125 0.9106311339702678 0.18285369328159995 0.22965093026743866 
1.4375 0.8735187739549577 0.2135892592426566 0.2074628329857895 
1.5625 0.7423204328273214 0.22482424792298095 0.2097437362785678 
1.6875 0.6375019029718814 0.14874214033351357 0.21317514652632807 
1.8125 0.7452642963807623 0.20504080328525276 0.29606004469766956 
1.9375 0.7012401231632133 0.21449330610684225 0.31419794603458073 
2.0625 0.5738316168914965 0.14041608573521758 0.2613967779379861 
2.1875 0.9869558127461143 0.1427644948363308 0.27058932938111846 
2.3125 0.3827194698841371 0.11878882304336641 0.2914415722889677 
2.4375 0.5607628356321119 0.08798317373959375 0.11865025115354166 
