1.0 0.9771622415797315 0.4793381280093924 0.5520443735355179 
3.0 0.9452668952815209 0.4558155933698297 0.5729681481205466 
5.0 0.9288688202670139 0.4449493760762151 0.579031532581666 
7.0 0.9110225652793126 0.4326169117201948 0.5824029781930559 
9.0 0.9023544324202156 0.4318727913437657 0.5650059455559672 
11.0 0.8832164631726294 0.42447849515022784 0.5588980839987647 
13.0 0.8853205230598062 0.43095597226495885 0.5548751661311162 
15.0 0.8924050324564332 0.4360437246004905 0.5519076997803318 
17.0 0.9053086990840773 0.4466639577647643 0.5421015955908648 
19.0 0.9221823747783594 0.45421700423362354 0.5267642890645271 
21.0 0.9270369008481257 0.46549551484747614 0.5342990072584545 
23.0 0.9520021555014111 0.489396913962582 0.5317071968120695 
