1.0 1.0112880117857237 0.20600742184753773 0.25430658136438766 
3.0 1.0570810497965937 0.2623436037547304 0.33490815209341873 
5.0 1.135867774698827 0.2724868413749121 0.36731068171731684 
7.0 1.0941226361624188 0.2338287743712667 0.3110097746001024 
9.0 1.0628161133905398 0.22187544689135918 0.27359732346868393 
11.0 0.9983759731065908 0.19535863500039796 0.27421525147563675 
13.0 0.9185420149309533 0.17706056828250782 0.23918352470923776 
15.0 0.8342542005408184 0.14718483423006756 0.22221642092791005 
17.0 0.802796135141101 0.13950279320111902 0.22443719606829715 
19.0 0.7760444475663517 0.13086455855147783 0.20347439741351048 
21.0 0.7928075113112056 0.15086783072846177 0.20070535968848924 
23.0 0.774666800776951 0.14153477407321347 0.20698994475091648 
