1.0 1.313222774236666 0.3201879794627118 0.4221599557336455 
3.0 1.2915913660643012 0.3043612030192423 0.3926648735900893 
5.0 1.1589233093168851 0.2459221669561804 0.3343870662219379 
7.0 1.0357559560089946 0.23122987124122085 0.27113603624742866 
9.0 0.8744561656782079 0.1783234422253579 0.23497236165021618 
11.0 0.76203338527865 0.11727981264739762 0.16365539556810604 
13.0 0.7558664180824675 0.13422682307912848 0.0832627341721146 
15.0 0.6955838697227215 0.10091042698810915 0.22332638329425913 
17.0 0.7086471566435784 0.012752158330328944 0.04496451495730991 
19.0 0.614357504138043 0.0 0.0 
21.0 0.0 0.0 0.0 
23.0 0.0 0.0 0.0 
