0.0625 1.1038881797259554 0.24792374837602082 0.217274117457259 
0.1875 1.0349666880027475 0.19731197011283164 0.2354356358950096 
0.3125 1.0391527960640827 0.18600484664278416 0.22562740035413587 
0.4375 1.0643563898447888 0.1811171971258373 0.22616225578721005 
0.5625 1.096689521705118 0.18109701547555812 0.22154344275172333 
0.6875 1.1097520110592551 0.17778971982570635 0.22624805998951691 
0.8125 1.1458923570776487 0.19275367028989254 0.23393309351300973 
0.9375 1.1555269593962163 0.20515253385039756 0.2497771533774169 
1.0625 1.1130011559168418 0.20200002848218257 0.251109890812965 
1.1875 1.0572422789265055 0.21035877131343805 0.24746956506828277 
1.3125 0.963873790004125 0.1837189986757689 0.25945771299353515 
1.4375 0.9368886181320331 0.175419654797496 0.27724856878565696 
1.5625 0.9952640242528268 0.19960812084908008 0.2860854857035844 
1.6875 0.8363330127030761 0.19840213086561276 0.26647570164441925 
1.8125 0.7837481486712965 0.1842498171748046 0.30954858119019124 
1.9375 0.9485029348041316 0.16255989944800464 0.20444268303662305 
2.0625 0.7966364211427539 0.14654138093627045 0.19946223583934652 
2.1875 1.0004108312423334 0.3111809425259059 0.18944850577736627 
2.3125 0.522553074254403 0.0 0.0 
2.4375 1.5920572922094958 0.0 0.0 
