0.0625 1.3775570409756233 0.2809552737779879 0.3322052449177053 
0.1875 1.3152148828824117 0.2687661741521601 0.3278362038862559 
0.3125 1.212842178444874 0.267686516315359 0.32673212526579576 
0.4375 1.106168756802957 0.24342365480051742 0.30928477219698514 
0.5625 1.0410021733796935 0.2062452295334748 0.2657069533804386 
0.6875 1.0415072765129907 0.19418508364887022 0.2506875123845749 
0.8125 1.0619320684562317 0.20243422183352866 0.25899247112763835 
0.9375 1.0559274432687689 0.19998740584120467 0.2570183918210003 
1.0625 1.0722919978301213 0.21312211329626163 0.26657526659505226 
1.1875 1.0107318126870564 0.21947289811094273 0.29075794131802124 
1.3125 1.0464112827996392 0.20488329974872443 0.28718966600637263 
1.4375 1.0069559722594241 0.23914387122226988 0.32580285530237574 
1.5625 0.9806797669115006 0.20434890655486238 0.2642158529971703 
1.6875 1.0489216545878994 0.2867427191910602 0.3775329006218122 
1.8125 0.9560461949374209 0.23233375547284207 0.35167027984092936 
1.9375 1.0668006510871733 0.25225000316541313 0.3954842087506858 
2.0625 0.9701860545078995 0.2883764251064763 0.5839474415636952 
2.1875 0.8421954053331455 0.21276639764045535 0.315322752012291 
2.3125 1.1353393341566311 0.4013462721212476 0.5324707611875608 
2.4375 0.9444683283276248 0.31222705100242676 0.8270932076765795 
