1.0 1.5356397012992704 0.339561431437543 0.4262997434166924 
3.0 1.4764031999358156 0.3198402737591062 0.38329239644031343 
5.0 1.3252954339531606 0.2571606005881959 0.3493196227258968 
7.0 1.2000125852760197 0.24464239379112085 0.26062159866519696 
9.0 1.0352249992249931 0.1898739658012626 0.24898509768714994 
11.0 0.907324944995255 0.11304652830030837 0.14296156020002426 
13.0 0.8811614538299947 0.1572451425725524 0.12502003016366403 
15.0 0.8278640012141605 0.06604913867196249 0.12413018893508121 
17.0 0.8618533850951912 0.023398580780179756 0.10210745047820369 
19.0 0.8907206126600561 0.0 0.0 
21.0 0.0 0.0 0.0 
23.0 0.0 0.0 0.0 
