0.0625 1.4655586412871902 0.33635347699166274 0.40520732618779953 
0.1875 1.46243352159148 0.31451188357574367 0.3810831572953053 
0.3125 1.44821459952763 0.3101969880148874 0.38232311318074963 
0.4375 1.4097566430139696 0.30202968297817523 0.389210491272886 
0.5625 1.3740325759493146 0.29627066442322847 0.3800108558401223 
0.6875 1.3184855930906094 0.2884223658570828 0.3732181780200854 
0.8125 1.2478363281321343 0.2865226291155949 0.3800110061257109 
0.9375 1.2139309521317123 0.2626486525078702 0.3595914481776876 
1.0625 1.1562692611777299 0.2576928539113543 0.3512926317116931 
1.1875 1.0701784425868728 0.22703875416810626 0.3457559704253814 
1.3125 1.179421210527494 0.26321603327381715 0.31785253721924356 
1.4375 1.028121453840006 0.3092199737179051 0.36370674259145463 
1.5625 0.9831743865529764 0.2664340360454198 0.30068128252073134 
1.6875 1.2197257801776864 0.3324306159839495 0.3040397133305057 
1.8125 0.6348580071886384 0.13912688426205383 0.3298940899087902 
1.9375 1.0849064310486063 0.2505048379598397 0.22764040780036576 
2.0625 0.5875470595363905 0.1463741255220074 0.8674125376145774 
2.1875 0.7871145993529753 0.23460337920124297 0.23539185337380286 
2.3125 1.3056873824440174 0.6401361416461299 0.19648444640813545 
2.4375 0.5830731371648628 0.13812273241552236 0.18670338757879823 
