1.0 1.3957227162089199 0.37719777225941575 0.43736148048736734 
3.0 1.2733331620123147 0.49827883372187154 0.3836715406882558 
5.0 1.2340023981110306 0.49128533156895815 0.3468084815880188 
7.0 1.176830418227939 0.4795577179020116 0.32591620732333126 
9.0 1.1167368401770625 0.43594002989960845 0.2903482464987548 
11.0 1.0379747696472141 0.3809224456337501 0.3035742630566909 
13.0 0.9873823035340482 0.292204667573535 0.30459143097315733 
15.0 0.9407119418860241 0.2390310474976972 0.32615746224220676 
17.0 0.9243017856193501 0.22612755457139544 0.33418593410691666 
19.0 0.9077929306273038 0.20241613698561545 0.354547422396849 
21.0 0.8941040236359469 0.19231974740547186 0.34176471101982153 
23.0 0.8904334788508396 0.19489089764907108 0.34499540925067695 
