1.0 1.3242774204890995 0.2638815375579098 0.3373222094773596 
3.0 1.4018265400418284 0.31350683841805393 0.3987074668828814 
5.0 1.37426744282453 0.2674226907967656 0.3386624860311196 
7.0 1.2969845615289661 0.2654757055024546 0.30538704339044376 
9.0 1.1536291495275468 0.21344049934641274 0.24966926635113973 
11.0 1.0501631499687494 0.17101631655738758 0.22692432907517768 
13.0 0.9886354537624922 0.16084751780936046 0.21211518962029596 
15.0 0.9300604827009424 0.13622748606856916 0.19438279621005394 
17.0 0.9010754360691868 0.12847685421617006 0.20906184087786395 
19.0 0.8638659475878636 0.1169350881071417 0.21506709121279322 
21.0 0.8321233982708274 0.10057253957953816 0.18296801690777875 
23.0 0.8166670506276985 0.09672781027763078 0.1355423299071321 
