0.0625 1.5039704831249552 0.3242790718912445 0.4023326507894218 
0.1875 1.447579237269775 0.30974662878915193 0.38434070047657554 
0.3125 1.3838782147760988 0.306417615118703 0.3749806911188296 
0.4375 1.3264448154555208 0.3067027082583129 0.37170241029100204 
0.5625 1.267130128462595 0.3120554573868707 0.37539528064325767 
0.6875 1.2245696397176884 0.29875022349552105 0.36302563526951936 
0.8125 1.1854163927525105 0.27485490294470605 0.3639514124705616 
0.9375 1.1636932998164122 0.25474059558696116 0.33848482442059424 
1.0625 1.1604842211705484 0.24620667818319386 0.3296433407778059 
1.1875 1.0929026416570553 0.24021267171357397 0.3385123294030148 
1.3125 1.1203020014360625 0.24173246993779174 0.3069852287149719 
1.4375 1.0340331059001877 0.286255468105324 0.37637003382414935 
1.5625 0.9605465497591051 0.2497218466552622 0.3332168827529881 
1.6875 1.1862866885051215 0.3631115856095384 0.3168877515695283 
1.8125 0.6875221010712811 0.18491088278394507 0.37358069877331457 
1.9375 1.097084632770654 0.2666136203710029 0.23666116987425267 
2.0625 0.6139975622793252 0.16293537934356106 0.8445433156522277 
2.1875 0.8127744993739562 0.22956284768138202 0.23532364970719966 
2.3125 1.2802343989036729 0.697590012546606 0.20392914922101557 
2.4375 0.5808198734868517 0.12412845529198724 0.18385227585894848 
