0.0625 0.0 0.0 0.0 
0.1875 0.899882747306255 0.13606630129800745 0.06611041645098237 
0.3125 0.9312664563623406 0.1447620669974372 0.19427650863457846 
0.4375 0.9721111778687037 0.15634217082242574 0.19394389054999972 
0.5625 1.0245726676183955 0.16553505469923457 0.22915988731332937 
0.6875 1.084448453505407 0.18938104297359393 0.24707354698853456 
0.8125 1.1166991331400717 0.21096490453562666 0.2693442787525804 
0.9375 1.1277596926099032 0.2111441729383332 0.26056916703037647 
1.0625 1.1323976892889103 0.22104434844545784 0.26949591635449344 
1.1875 1.0886886817861656 0.20806808948534194 0.29738022980612233 
1.3125 1.1049464999196708 0.23059452229441502 0.2788967395397166 
1.4375 1.062878612315035 0.21477780241316258 0.344407137951672 
1.5625 0.9158821523865353 0.22419360360649654 0.2890629760308814 
1.6875 0.8666073898133209 0.19756951017800084 0.308221733991185 
1.8125 0.9349846096088443 0.1952199758917217 0.30653917298806155 
1.9375 0.9282685844925515 0.2017104061294942 0.3056651506881837 
2.0625 0.7506537177654276 0.25912569684159364 0.23881025786796595 
2.1875 1.032225731599244 0.18257991505594517 0.2801173442756999 
2.3125 0.6102196445551835 0.13390475201157714 0.24902070090985107 
2.4375 0.5866559826040407 0.0935896521648859 0.13011868681013605 
