0.0625 0.0 0.0 0.0 
0.1875 0.8144133500656012 0.022971184176536208 0.022971184176536097 
0.3125 0.8146266920246095 0.1260431772979459 0.15763439282851266 
0.4375 0.8491081012544375 0.12527393881811266 0.17616280234535808 
0.5625 0.8566256679411269 0.11021209128260623 0.17613995329311127 
0.6875 0.8849903855362503 0.127210916159592 0.20138360140730882 
0.8125 0.9154426864149174 0.14259625448604085 0.18613855661175083 
0.9375 0.9445334420056777 0.14202477511474232 0.2053473930802865 
1.0625 0.9956771298431809 0.166213171551016 0.2248787279726806 
1.1875 1.0140303016461534 0.16496752088019118 0.24467935071247404 
1.3125 1.0260618047867016 0.18973245691033458 0.22677533760305368 
1.4375 0.9713871633334468 0.2296864520452362 0.238000875421589 
1.5625 0.8962533310793097 0.15075015520514712 0.2029631047670568 
1.6875 0.823332791983444 0.18051373229206646 0.18535191245357507 
1.8125 0.7701750372769456 0.17382563858015088 0.2031597490655237 
1.9375 0.7388322267378151 0.1834877372183782 0.2659599206681833 
2.0625 0.7690048843799949 0.12877775370381583 0.26565592757957635 
2.1875 1.1157759800374678 0.022381644561368708 0.022381644561368708 
2.3125 0.7123170791096635 0.12245268836260381 0.11081816661492327 
2.4375 0.7356447021427346 0.05836567826757988 0.36505788541420503 
