1.0 1.0215216394857902 0.46506716230802725 0.4149878019717499 
3.0 0.9594247242145314 0.4078524129977421 0.44913614718797323 
5.0 0.9137102877907817 0.36898243429411515 0.47893097098715764 
7.0 0.8610746301699953 0.32795273154297067 0.5075736175763962 
9.0 0.8547727436996018 0.33153521290056787 0.49332060053816096 
11.0 0.8413300074022649 0.32498146224056235 0.48427458369799714 
13.0 0.8634238940532313 0.356183480444914 0.47732043065874596 
15.0 0.8761160798930439 0.37093135269312316 0.4704819345527169 
17.0 0.8754127893013217 0.3729814602937854 0.4724030488484483 
19.0 0.9396523968676583 0.43775793500926796 0.4074219770737394 
21.0 0.9475613679493231 0.4426050958398767 0.3963184630458547 
23.0 1.0374214209011916 0.5358812384948304 0.43387952868866675 
