0.0625 1.3795316133496591 0.2820868649852559 0.33264915541427276 
0.1875 1.3274512575457218 0.2642140650824516 0.3228203042485338 
0.3125 1.2600156112113516 0.24738989670717215 0.29546098599606774 
0.4375 1.1857617471321134 0.22640776308917143 0.2773899180400181 
0.5625 1.098588436685338 0.22223978214676365 0.2733709573773846 
0.6875 1.0761705331992666 0.19423679094885005 0.269933195854134 
0.8125 1.0577551756692483 0.2527784693277305 0.33689949821839393 
0.9375 0.9733040509405093 0.17756939597789034 0.2762357063489984 
1.0625 1.1484825500195333 0.2356382879884924 0.335349510661078 
1.1875 0.9785168195994073 0.23776692828407386 0.4134641998229863 
1.3125 1.0960866746862368 0.21210362300340513 0.3069316180832573 
1.4375 1.1779405683212707 0.3234636268079061 0.3614101759703281 
1.5625 1.0707216054299573 0.24534751180321224 0.295019373088238 
1.6875 1.2747332530520663 0.2377788365754312 0.39113495465623616 
1.8125 1.1721550144529524 0.24694815774855516 0.2838375831540787 
1.9375 1.2554538878107167 0.2746459319986455 0.2763855997821467 
2.0625 1.4798820668746364 0.2903333652623541 0.4082055249929999 
2.1875 0.8832922625386416 0.008770698363896878 0.13060728546687927 
2.3125 1.836911947066815 0.16763729381280412 0.036018850925311874 
2.4375 0.0 0.0 0.0 
