1.0 1.181005357838332 0.2376640396464199 0.28899987826591 
3.0 1.2550711274789013 0.2527532320893857 0.3251895631162738 
5.0 1.1912810326008938 0.20823027830421992 0.2619157083919561 
7.0 1.087897127176109 0.18022220658600918 0.22097417254578544 
9.0 1.0260299490701172 0.1671106042981274 0.19320040536907213 
11.0 0.9788107029689277 0.16229304037634062 0.18490880339514137 
13.0 0.9163331553108317 0.14530050670527617 0.1748030336051173 
15.0 0.8669766650896237 0.12541804846884252 0.15890472956565105 
17.0 0.8342430649322314 0.1194739381272576 0.1356322081667628 
19.0 0.8129128040279492 0.11035482786918716 0.1331659272493244 
21.0 0.7981919753701746 0.10471852722556763 0.11878434982037467 
23.0 0.7857762138990949 0.10023487695309186 0.11833341348998361 
