1.0 1.428369858533414 0.332568764909698 0.3969235861690208 
3.0 1.2633403898263325 0.2755466257518169 0.33929208954413936 
5.0 1.1731513685159087 0.2190590803617335 0.27330425715363016 
7.0 1.0914513780455128 0.18915646840243794 0.23080219830105442 
9.0 1.0551326565250447 0.18055590520943754 0.2142008000696365 
11.0 1.019391027226155 0.1760393889163374 0.2077586995467009 
13.0 0.9668647253756351 0.16391085451538023 0.1985136978780102 
15.0 0.9220800136599905 0.14944966067034504 0.1910079613342055 
17.0 0.8916451265251351 0.1416562231749494 0.18571222927844144 
19.0 0.877398439568396 0.1383872216092299 0.17232203574066607 
21.0 0.8568882865583846 0.1298443981920867 0.1623215302570481 
23.0 0.8456596828466317 0.12353020287969252 0.1501167482733191 
