1.0 1.04241245246845 0.2216642299882846 0.30636655665789636 
3.0 1.0994507259072515 0.24108357286766824 0.2991815830842903 
5.0 1.151535456843024 0.2168531132290865 0.2866881809440729 
7.0 1.1395241211675684 0.19157780319047735 0.24841095953024017 
9.0 1.1421158118308286 0.18605147192548854 0.22271449080192274 
11.0 1.0951188578398068 0.1731763856959353 0.20821574763330664 
13.0 1.035306054023867 0.16067341986134054 0.1906133829799539 
15.0 0.9864313310449278 0.15358539773227342 0.1783904307753379 
17.0 0.9490749458597144 0.14458874694127688 0.17227236082824915 
19.0 0.9182896075213474 0.1289348919448955 0.15981793405297084 
21.0 0.888551181191276 0.12438440827564423 0.14616428835027817 
23.0 0.8658330086611408 0.12196418175549328 0.13221910854091112 
