Hessian ranking for layer encoded_vector (param idx, rank)
790, 0.1942380666732788
796, 0.17440319061279297
799, 0.1258348673582077
795, 0.091437429189682
786, 0.09112872183322906
838, 0.08679134398698807
844, 0.07847271859645844
785, 0.0712275505065918
784, 0.06290005892515182
198, 0.06266184896230698
774, 0.06053866073489189
798, 0.05919012799859047
204, 0.057870883494615555
780, 0.05591806024312973
847, 0.05487240478396416
791, 0.046442192047834396
918, 0.04510229080915451
843, 0.0423794686794281
834, 0.042136888951063156
924, 0.03943875432014465
207, 0.03864093869924545
783, 0.03722425922751427
833, 0.03318525850772858
927, 0.029381008818745613
806, 0.029233694076538086
832, 0.029144126921892166
194, 0.028545981273055077
203, 0.02806466817855835
770, 0.027619197964668274
286, 0.027141762897372246
779, 0.027095668017864227
812, 0.026616405695676804
846, 0.025626424700021744
193, 0.022083058953285217
914, 0.02204013429582119
923, 0.021958809345960617
284, 0.021919872611761093
206, 0.02190285362303257
782, 0.02160293236374855
769, 0.021261954680085182
406, 0.021102378144860268
839, 0.020721277222037315
1558, 0.020716803148388863
192, 0.019557999446988106
768, 0.018815331161022186
412, 0.018475821241736412
815, 0.01841600425541401
913, 0.017918836325407028
326, 0.017267951741814613
332, 0.0168650783598423
278, 0.01608107052743435
1564, 0.015872612595558167
912, 0.015188531950116158
710, 0.01517490204423666
811, 0.014613497070968151
802, 0.014601689763367176
415, 0.01368621177971363
926, 0.013628401793539524
199, 0.013317026197910309
716, 0.01318310759961605
775, 0.012965096160769463
350, 0.012196400202810764
335, 0.012067356146872044
919, 0.011837419122457504
1567, 0.011528799310326576
1563, 0.011501198634505272
342, 0.011392425745725632
348, 0.011167691089212894
801, 0.01091109961271286
719, 0.010485147126019001
1554, 0.010256552137434483
1552, 0.0100687425583601
334, 0.010033702477812767
1046, 0.009891035966575146
800, 0.009723369032144547
814, 0.008703935891389847
414, 0.008651020005345345
706, 0.008561117574572563
411, 0.007714386098086834
310, 0.007544768042862415
1553, 0.0074646309949457645
318, 0.007367443758994341
807, 0.0073003582656383514
715, 0.006940414197742939
316, 0.006872219033539295
582, 0.0067032091319561005
1014, 0.0065806251950562
331, 0.006472079083323479
401, 0.006409814115613699
400, 0.006397386081516743
1055, 0.006325914990156889
402, 0.00613508140668273
588, 0.0060839117504656315
302, 0.005985839292407036
1559, 0.005909310653805733
1052, 0.005689384415745735
1020, 0.0054713222198188305
1048, 0.005462311673909426
1047, 0.005372671876102686
273, 0.00527974171563983
1051, 0.005109848920255899
705, 0.0050425599329173565
1040, 0.004977357108145952
321, 0.004896918311715126
711, 0.0045259809121489525
337, 0.004411728121340275
300, 0.0043978323228657246
718, 0.004382762126624584
704, 0.004361776635050774
328, 0.004310474265366793
407, 0.0042725298553705215
1041, 0.004259796813130379
792, 0.004203024320304394
794, 0.004174417350441217
860, 0.0041662403382360935
591, 0.004159614443778992
1054, 0.004141198005527258
1045, 0.004094989039003849
856, 0.004079808015376329
322, 0.003949102014303207
1093, 0.003871873253956437
1023, 0.0038699423894286156
1566, 0.003821368794888258
287, 0.003803519532084465
320, 0.0037625525146722794
408, 0.0037333143409341574
1550, 0.003724007634446025
862, 0.0037198865320533514
1560, 0.0037024749908596277
405, 0.003657042048871517
327, 0.0036559640429913998
858, 0.0036035191733390093
330, 0.0034450888633728027
654, 0.0034356091637164354
966, 0.0033764445688575506
587, 0.003323250450193882
462, 0.0033150322269648314
1019, 0.003313968190923333
460, 0.003287610597908497
1557, 0.0032622923608869314
1565, 0.0032246906775981188
1010, 0.003196651116013527
850, 0.003073164029046893
578, 0.003057879861444235
305, 0.002940202597528696
1548, 0.002933465177193284
272, 0.0029234513640403748
454, 0.0029070856980979443
922, 0.002802872797474265
1096, 0.0027883430011570454
972, 0.002786652883514762
975, 0.0027642236091196537
1042, 0.0027356534264981747
577, 0.0027183133643120527
789, 0.002711236011236906
351, 0.0026408100966364145
1008, 0.0026386315003037453
1009, 0.0026074114721268415
78, 0.0025960979983210564
669, 0.002591764321550727
670, 0.002588835544884205
920, 0.0025668563321232796
892, 0.0024868627078831196
653, 0.0022585236001759768
576, 0.002254398772493005
665, 0.0022444864735007286
1536, 0.00222420715726912
861, 0.0022040505427867174
283, 0.0021959790028631687
962, 0.0021619137842208147
590, 0.0021369706373661757
1606, 0.002058429177850485
319, 0.002035468118265271
1050, 0.002002619905397296
333, 0.0019495597807690501
1032, 0.0019234728533774614
886, 0.001894027111120522
1551, 0.0018901900621131063
1544, 0.0018879960989579558
280, 0.0018571174005046487
853, 0.0018460183637216687
325, 0.0018394439248368144
1100, 0.0018175486475229263
1049, 0.0018148926319554448
854, 0.0018111668759956956
469, 0.0018052015220746398
1545, 0.001794577343389392
1549, 0.0017765547381713986
826, 0.0017247844953089952
971, 0.0017113048816099763
347, 0.001709313364699483
664, 0.0016974093159660697
288, 0.0016787336207926273
463, 0.0016698598628863692
828, 0.0016651598270982504
824, 0.0016324613243341446
294, 0.0016241309931501746
793, 0.0016200741520151496
583, 0.0016143794637173414
1561, 0.0015949973603710532
1015, 0.0015901733422651887
622, 0.0015856657410040498
77, 0.001553506008349359
18, 0.001549742417410016
649, 0.0015346035361289978
1036, 0.0015093263937160373
1066, 0.0014986846363171935
476, 0.0014884123811498284
281, 0.0014819131465628743
961, 0.0014657608699053526
1178, 0.001462603104300797
1612, 0.0014562173746526241
702, 0.0014535269001498818
1539, 0.0014431324088945985
863, 0.0013624243438243866
277, 0.001328863319940865
1097, 0.00131347612477839
967, 0.0013113958993926644
392, 0.0013028050307184458
282, 0.0012875571846961975
894, 0.0012752931797876954
1061, 0.0012585461372509599
30, 0.001253101509064436
841, 0.0012419485719874501
394, 0.0012343808775767684
315, 0.001214267103932798
1689, 0.0012059141881763935
1095, 0.0011928180465474725
1031, 0.0011884879786521196
1615, 0.0011815312318503857
1098, 0.0011706637451425195
1562, 0.0011514914222061634
1088, 0.001148651004768908
1022, 0.001126724062487483
1555, 0.0011216583661735058
1685, 0.0010987418936565518
1068, 0.0010885056108236313
1611, 0.001083465525880456
821, 0.0010825442150235176
960, 0.0010812572436407208
787, 0.0010794111294671893
1101, 0.0010694080265238881
1600, 0.0010629877215251327
1621, 0.0010503451339900494
717, 0.0010441578924655914
621, 0.0010423954809084535
891, 0.001037726760841906
880, 0.001033763401210308
709, 0.0010205390863120556
648, 0.0010121014202013612
346, 0.0009902012534439564
409, 0.00098590983543545
1546, 0.000983077916316688
890, 0.0009791404008865356
835, 0.0009582009515725076
701, 0.0009555291617289186
881, 0.0009522144682705402
285, 0.0009494369151070714
1089, 0.0009216612670570612
830, 0.0008915324578993022
1673, 0.0008854703628458083
1026, 0.0008850535959936678
810, 0.0008773955632932484
797, 0.0008757521281950176
542, 0.0008757286705076694
1598, 0.0008756070747040212
395, 0.0008751899586059153
1181, 0.0008748241234570742
663, 0.0008620126754976809
478, 0.0008607712225057185
1602, 0.0008486510487273335
73, 0.0008210531086660922
829, 0.0008049338939599693
459, 0.0007955601904541254
1090, 0.0007938831113278866
916, 0.0007930989377200603
472, 0.0007861368940211833
1173, 0.0007768801297061145
1547, 0.0007746916962787509
474, 0.0007742164307273924
1678, 0.0007727706106379628
1617, 0.0007713698432780802
1691, 0.0007712133810855448
455, 0.0007635050569660962
72, 0.0007626783917658031
1017, 0.0007584867998957634
270, 0.000757541973143816
1064, 0.0007572384783998132
403, 0.000746075005736202
16, 0.0007405207143165171
1597, 0.0007360674208030105
1601, 0.0007345289341174066
940, 0.0007231471827253699
153, 0.0007225110894069076
974, 0.0007216089288704097
1669, 0.0007215139921754599
470, 0.0007177402731031179
349, 0.0007172328769229352
925, 0.0007088108686730266
617, 0.0007082785596139729
1029, 0.0007037478499114513
668, 0.0006998037570156157
857, 0.0006967217195779085
538, 0.000694960355758667
1169, 0.0006918637664057314
28, 0.0006910644005984068
466, 0.0006882483721710742
934, 0.00068767333868891
1682, 0.000683415331877768
859, 0.0006830745842307806
449, 0.0006774588255211711
393, 0.0006687443819828331
22, 0.0006668120040558279
1033, 0.0006664483807981014
647, 0.0006661640945822
1058, 0.0006648428970947862
1057, 0.0006642036605626345
1675, 0.0006599284242838621
413, 0.000649649475235492
697, 0.0006492553511634469
205, 0.0006488148355856538
147, 0.0006470456719398499
389, 0.0006368448957800865
921, 0.0006367312744259834
1242, 0.0006309081218205392
1629, 0.0006304753478616476
1596, 0.0006302816909737885
1624, 0.0006290613091550767
456, 0.0006076892605051398
156, 0.0005988209159113467
917, 0.000593942531850189
1666, 0.000591777847148478
887, 0.0005909003084525466
398, 0.0005884115817025304
25, 0.0005866749561391771
397, 0.0005858575459569693
840, 0.0005829643923789263
970, 0.0005829439614899457
317, 0.0005759959458373487
659, 0.0005705095245502889
1182, 0.0005664812633767724
1692, 0.0005605361657217145
390, 0.0005574551178142428
1237, 0.0005571800284087658
1607, 0.0005478374077938497
1538, 0.0005469791358336806
274, 0.0005466094007715583
453, 0.0005441825487650931
366, 0.0005415808409452438
1593, 0.000540844164788723
29, 0.0005392341990955174
344, 0.0005380418733693659
638, 0.0005376773187890649
362, 0.0005348036647774279
446, 0.0005334317102096975
137, 0.0005318123730830848
584, 0.0005249931709840894
297, 0.0005219790036790073
1039, 0.0005169650539755821
1681, 0.0005167988711036742
831, 0.0005124358576722443
1584, 0.0005109859048388898
845, 0.0005088954931125045
585, 0.0005064454744569957
24, 0.0005048654857091606
942, 0.0005042444099672139
1676, 0.0004989559529349208
457, 0.0004976751515641809
808, 0.0004976468626409769
712, 0.0004970214213244617
543, 0.00048607290955260396
1180, 0.0004844235081691295
124, 0.0004800863389391452
1605, 0.000480034330394119
450, 0.0004776221758220345
1063, 0.00047539520892314613
275, 0.00047273706877604127
616, 0.0004671236965805292
71, 0.0004661281418520957
1694, 0.00046262406976893544
17, 0.0004623415879905224
430, 0.0004604491696227342
803, 0.0004588172014337033
1541, 0.0004573698970489204
1043, 0.00045618205331265926
1024, 0.00044767692452296615
31, 0.000445510377176106
26, 0.0004453506553545594
458, 0.0004425806982908398
396, 0.00043931504478678107
1592, 0.0004380025784485042
1226, 0.000436499627539888
21, 0.0004363476764410734
1025, 0.0004330281517468393
442, 0.0004323391185607761
696, 0.0004281967703718692
541, 0.0004275003739167005
1693, 0.0004248137993272394
813, 0.00041985188727267087
131, 0.00041925368714146316
1614, 0.00041481867083348334
661, 0.0004147543804720044
1016, 0.0004118848592042923
1619, 0.0004104632535018027
386, 0.00040906842332333326
535, 0.00040734154754318297
1585, 0.0004031774296890944
264, 0.0004012796562165022
1175, 0.0004011113487649709
537, 0.0004001452762167901
1091, 0.000394919392419979
303, 0.00039346018456853926
157, 0.0003930663806386292
818, 0.0003895096597261727
19, 0.0003870675282087177
1062, 0.0003800296690315008
1543, 0.00037614518078044057
968, 0.0003729323507286608
1608, 0.00036868659663014114
140, 0.0003684113617055118
1011, 0.00036796374479308724
399, 0.0003667796845547855
467, 0.0003646931436378509
1677, 0.0003614175657276064
540, 0.0003586411476135254
1630, 0.0003573576104827225
714, 0.0003557817544788122
906, 0.0003555891162250191
66, 0.00035303019103594124
114, 0.0003501134633552283
471, 0.0003484232584014535
90, 0.0003455644764471799
1599, 0.00033935531973838806
428, 0.0003382947761565447
882, 0.00033325652475468814
452, 0.00033165953936986625
536, 0.0003298837982583791
1210, 0.00032685601036064327
1245, 0.0003265267878305167
1613, 0.0003232509770896286
837, 0.00032139639370143414
849, 0.000317844474921003
268, 0.0003175698220729828
532, 0.0003167151880916208
1671, 0.000315006822347641
363, 0.0003114580758847296
1687, 0.0003102314076386392
384, 0.0003084551717620343
615, 0.0003074603446293622
314, 0.00030569167574867606
980, 0.00030281959334388375
1665, 0.000302814063616097
781, 0.0003026332997251302
634, 0.00030138454167172313
261, 0.000300783256534487
986, 0.0002981781726703048
1103, 0.00029658363200724125
639, 0.00029509569867514074
197, 0.0002916517842095345
1056, 0.0002911706978920847
1205, 0.00028865953208878636
904, 0.0002866503200493753
695, 0.0002818386419676244
848, 0.0002816632331814617
988, 0.00028028880478814244
439, 0.0002797390625346452
1668, 0.00027972407406196
1622, 0.00027881626738235354
827, 0.0002780283393803984
465, 0.00027737783966585994
1587, 0.0002728198596742004
141, 0.00027200195472687483
443, 0.0002700381155591458
1238, 0.0002697993768379092
200, 0.0002687136293388903
144, 0.0002687073138076812
359, 0.000268348230747506
339, 0.0002670365502126515
1171, 0.0002666874206624925
893, 0.000266004673903808
530, 0.0002639039885252714
885, 0.00026300892932340503
1065, 0.00026181971770711243
259, 0.0002597234561108053
822, 0.00025939862825907767
410, 0.0002565704344306141
279, 0.0002531970094423741
1240, 0.00025259150424972177
262, 0.0002506040036678314
258, 0.0002483132411725819
983, 0.00024799525272101164
933, 0.00024509482318535447
658, 0.00024487884365953505
1247, 0.0002445517748128623
766, 0.00024045372265391052
95, 0.00023991234775166959
80, 0.0002391104499110952
809, 0.00023675338889006525
935, 0.00023439677897840738
978, 0.00023429344582837075
498, 0.000233572005527094
1229, 0.00023150170454755425
842, 0.00022824500047136098
534, 0.00022700874251313508
365, 0.00022646153229288757
667, 0.0002263530477648601
1686, 0.0002259504544781521
1021, 0.00022416785941459239
323, 0.00022194240591488779
589, 0.0002210575039498508
1217, 0.0002202365139964968
201, 0.00021883414592593908
154, 0.00021859060507267714
185, 0.00021825829753652215
105, 0.00021518420544452965
1230, 0.00021486975310835987
336, 0.00021388035384006798
928, 0.00021374486095737666
304, 0.00021152078988961875
445, 0.00020647964265663177
895, 0.00020576933457050472
1684, 0.0002054553187917918
939, 0.0002033040946116671
1179, 0.00019837671425193548
1225, 0.00019781853188760579
633, 0.00019639496167656034
901, 0.00019388926739338785
990, 0.00019180287199560553
586, 0.0001907290134113282
666, 0.00019057982717640698
1228, 0.00018453566008247435
1688, 0.0001809395180316642
128, 0.00018075662956107408
1589, 0.00017728413513395935
581, 0.00017581714200787246
1221, 0.00017452961765229702
657, 0.00017448618018534034
1233, 0.00017427507555112243
929, 0.00017398437194060534
324, 0.00017366900283377618
329, 0.0001734815741656348
510, 0.0001734558609314263
973, 0.00017240906890947372
179, 0.00017206365009769797
70, 0.0001706028269836679
94, 0.00016983253590296954
764, 0.00016940810019150376
1213, 0.00016916447202675045
118, 0.0001680965506238863
64, 0.0001671711215749383
1616, 0.00016690295888110995
579, 0.00016677836538292468
126, 0.0001666710595600307
528, 0.00016628122830297798
1742, 0.00016588160360697657
910, 0.00016330894140992314
985, 0.0001624727010494098
125, 0.00015720784722361714
27, 0.00015691632870584726
265, 0.00015661385259591043
637, 0.0001563706318847835
1102, 0.00015432397776748985
1733, 0.00015336793148890138
626, 0.00015172583516687155
188, 0.00015119771705940366
963, 0.00014935270883142948
1618, 0.00014874021871946752
108, 0.00014643321628682315
905, 0.00014544057194143534
1218, 0.00014526797167491168
965, 0.00014485145220533013
461, 0.00014321674825623631
632, 0.0001428549294359982
1737, 0.00014139703125692904
1241, 0.0001400192704750225
1206, 0.00013977558410260826
1683, 0.00013917923206463456
1734, 0.00013902370119467378
1603, 0.00013822967594023794
1738, 0.00013801944442093372
1595, 0.00013722640869673342
909, 0.00013652618508785963
989, 0.00013532716548070312
475, 0.00013414191198535264
83, 0.00013392019900493324
1246, 0.00013366073835641146
138, 0.00013226868759375066
1208, 0.0001308606588281691
502, 0.0001298927963944152
931, 0.00012934936967212707
1628, 0.0001293020904995501
416, 0.0001291333610424772
631, 0.0001279918651562184
1674, 0.00012757137301377952
1215, 0.00012669550778809935
88, 0.00012642444926314056
341, 0.00012614285515155643
195, 0.00012590887490659952
422, 0.0001249331544386223
624, 0.00012484834587667137
451, 0.00012347294250503182
915, 0.00012334009807091206
1556, 0.00012270096340216696
256, 0.00012098807928850874
1035, 0.00011936656665056944
307, 0.00011846786219393834
761, 0.00011731017002603039
908, 0.00011544820881681517
81, 0.00011533717770362273
385, 0.00011475100473035127
1174, 0.00011312203423585743
312, 0.00011183701280970126
189, 0.0001116308631026186
99, 0.00011153175728395581
67, 0.00010883549111895263
1034, 0.00010674352233763784
987, 0.00010626476432662457
1594, 0.00010601820395095274
1092, 0.00010565458796918392
86, 0.00010547401325311512
755, 0.00010502877557883039
117, 0.00010409378592157736
1231, 0.00010284678137395531
1736, 0.0001003353827400133
984, 9.99582844087854e-05
338, 9.980524191632867e-05
899, 9.929048974299803e-05
1542, 9.872279042610899e-05
930, 9.871061047306284e-05
121, 9.82556157396175e-05
889, 9.731472528073937e-05
257, 9.666905680205673e-05
448, 9.65872168308124e-05
758, 9.482717723585665e-05
938, 9.467799827689305e-05
158, 9.429556666873395e-05
437, 9.327539737569168e-05
763, 9.175018931273371e-05
1729, 9.132512786891311e-05
713, 9.084395423997194e-05
1201, 9.028708882397041e-05
981, 8.944893488660455e-05
115, 8.90996161615476e-05
635, 8.909415191737935e-05
1680, 8.907791197998449e-05
1094, 8.616968261776492e-05
533, 8.612782403361052e-05
1625, 8.597967826062813e-05
888, 8.558108675060794e-05
1591, 8.478061499772593e-05
1580, 8.35873288451694e-05
941, 8.12223952380009e-05
501, 8.043610432650894e-05
707, 7.952628948260099e-05
964, 7.930988795123994e-05
69, 7.926443504402414e-05
1731, 7.780925079714507e-05
1053, 7.645362347830087e-05
444, 7.605101563967764e-05
505, 7.59247996029444e-05
93, 7.585199637105688e-05
473, 7.564823317807168e-05
1695, 7.48740931157954e-05
176, 7.418335735565051e-05
96, 7.313852984225377e-05
977, 7.275361713254824e-05
898, 7.26489961380139e-05
1170, 7.263380393851548e-05
1570, 7.262969302246347e-05
1209, 7.254010415636003e-05
122, 7.244601874845102e-05
883, 7.214760989882052e-05
911, 7.124062540242448e-05
202, 7.027094397926703e-05
762, 6.999977631494403e-05
1214, 6.924591434653848e-05
1586, 6.514685082947835e-05
89, 6.417385884560645e-05
936, 6.387891335180029e-05
969, 6.367312744259834e-05
643, 6.239947106223553e-05
65, 6.227273843251169e-05
464, 6.054024561308324e-05
1183, 5.9643698477884755e-05
539, 5.919076284044422e-05
1219, 5.8396773965796456e-05
900, 5.7679921155795455e-05
991, 5.743246583733708e-05
74, 5.7128712796838954e-05
529, 5.681732000084594e-05
313, 5.6769189541228116e-05
123, 5.627785867545754e-05
760, 5.606718696071766e-05
506, 5.5981010518735275e-05
159, 5.585657709161751e-05
186, 5.4283675126498565e-05
1224, 5.395512926043011e-05
982, 5.375807813834399e-05
106, 5.351911750040017e-05
10, 5.3163767006481066e-05
263, 4.9494174163555726e-05
656, 4.9276943173026666e-05
629, 4.851805715588853e-05
1672, 4.8474867071490735e-05
1735, 4.789615559275262e-05
1571, 4.6663961256854236e-05
1728, 4.612839984474704e-05
1743, 4.598209125106223e-05
1609, 4.5790508011123165e-05
438, 4.538984285318293e-05
113, 4.482422082219273e-05
1623, 4.4605694711208344e-05
1740, 4.4514654291560873e-05
1690, 4.2703599319793284e-05
1741, 4.2481377022340894e-05
91, 4.198118040221743e-05
902, 4.181997792329639e-05
1627, 4.1628634789958596e-05
1099, 4.153741610934958e-05
387, 4.135271956329234e-05
425, 4.015223021269776e-05
1145, 3.996278246631846e-05
112, 3.972174090449698e-05
1568, 3.945982825825922e-05
757, 3.907962309313007e-05
1604, 3.8602618587901816e-05
107, 3.848667984129861e-05
1577, 3.8309910451062024e-05
143, 3.816165553871542e-05
1537, 3.808174733421765e-05
110, 3.7696456274716184e-05
1216, 3.744875721167773e-05
903, 3.744813511730172e-05
150, 3.718713196576573e-05
15, 3.690959420055151e-05
0, 3.678621942526661e-05
155, 3.5980468965135515e-05
1573, 3.530559843056835e-05
1572, 3.5237197153037414e-05
497, 3.463689790805802e-05
1168, 3.367347744642757e-05
109, 3.352294515934773e-05
1610, 3.2734118576627225e-05
1139, 3.1504609069088474e-05
907, 3.140183980576694e-05
580, 3.135690349154174e-05
98, 3.120247492915951e-05
509, 3.0795647035120055e-05
976, 3.073706466238946e-05
496, 3.0694074666826054e-05
1631, 3.064649717998691e-05
1582, 3.0508075724355876e-05
431, 3.026616650458891e-05
1227, 2.9666760383406654e-05
1177, 2.9399903723970056e-05
628, 2.8839960577897727e-05
836, 2.8839960577897727e-05
611, 2.879975363612175e-05
440, 2.8747443138854578e-05
1574, 2.8616634153877385e-05
753, 2.8291435228311457e-05
1148, 2.7684091037372127e-05
805, 2.7049978598370217e-05
636, 2.6694171538110822e-05
1581, 2.6552575945970602e-05
691, 2.6399771741125733e-05
1739, 2.616735037008766e-05
14, 2.6128082026843913e-05
120, 2.5802761228987947e-05
979, 2.3932863769005053e-05
435, 2.3440563381882384e-05
1578, 2.2678214008919895e-05
1583, 2.2369640646502376e-05
152, 2.198713264078833e-05
391, 2.1884789020987228e-05
343, 2.1747440769104287e-05
1067, 2.1435083908727393e-05
508, 2.0851401131949387e-05
3, 2.0603107259375975e-05
1732, 2.054553260677494e-05
1220, 2.054553260677494e-05
1149, 2.0439452782738954e-05
662, 2.042096821242012e-05
504, 1.993849582504481e-05
127, 1.962941860256251e-05
434, 1.9522545699146576e-05
8, 1.9449915271252394e-05
370, 1.9305283785797656e-05
1176, 1.9274801161373034e-05
752, 1.912059997266624e-05
68, 1.887706821435131e-05
660, 1.887706821435131e-05
1013, 1.8470807845005766e-05
432, 1.8458962586009875e-05
625, 1.8351769540458918e-05
1, 1.7744181604939513e-05
671, 1.6596604837104678e-05
759, 1.640755363041535e-05
1730, 1.6310705177602358e-05
377, 1.6262411008938216e-05
6, 1.6226771549554542e-05
373, 1.6131085430970415e-05
1576, 1.5897245248197578e-05
20, 1.5730891391285695e-05
191, 1.5661720681237057e-05
111, 1.5441133655258454e-05
75, 1.5437963156728074e-05
754, 1.5392852219520137e-05
149, 1.5325342246796936e-05
380, 1.5274792531272396e-05
511, 1.5168187019298784e-05
382, 1.515741678304039e-05
531, 1.4704625755257439e-05
1136, 1.3582869542005938e-05
23, 1.3577297977462877e-05
1569, 1.3377254617807921e-05
1222, 1.3071437024336774e-05
897, 1.2873406376456842e-05
1223, 1.2462601262086537e-05
79, 1.175864235847257e-05
13, 1.1669539162539877e-05
379, 1.1590276699280366e-05
708, 1.1326241292408668e-05
145, 1.1094680303358473e-05
1146, 9.939264600689057e-06
9, 9.872901500784792e-06
1044, 9.438534107175656e-06
76, 9.345879334432539e-06
378, 8.880197128746659e-06
375, 8.513260581821669e-06
1626, 6.951202976779314e-06
369, 6.793977263441775e-06
11, 6.45864338366664e-06
151, 6.434335318772355e-06
276, 6.292356374615338e-06
146, 6.036412287357962e-06
1644, 6.009285698382882e-06
896, 5.539144694921561e-06
1575, 5.21611445947201e-06
630, 5.119817160448292e-06
1646, 5.093652362120338e-06
267, 5.064175184088526e-06
1579, 4.727428859041538e-06
1633, 4.465660367714008e-06
381, 4.252761300449492e-06
1724, 4.206499852443812e-06
1641, 4.044328761665383e-06
196, 3.775413915718673e-06
1726, 3.565556426110561e-06
1643, 3.1886172564554727e-06
1713, 3.1259621664503356e-06
1151, 2.8676388410531217e-06
1721, 2.8310300876910333e-06
1645, 2.4763185137999244e-06
627, 2.27932036978018e-06
1723, 2.232032329629874e-06
507, 2.1134494545549387e-06
345, 2.0261697954992997e-06
1634, 1.9055779603149858e-06
767, 1.8096638996212278e-06
1725, 1.7334230051346822e-06
1714, 1.3339046063265414e-06
1640, 1.3088273362882319e-06
1639, 1.0930633607131313e-06
1590, 1.0652425999069237e-06
1720, 9.161790899270272e-07
1642, 8.616987656751007e-07
1719, 7.651443070244568e-07
376, 7.493006251024781e-07
1722, 6.031891075508611e-07
1637, 1.826788036396465e-07
1717, 1.2787516823209444e-07
367, 0.0
1830, 0.0
447, 0.0
355, 0.0
357, 0.0
356, 0.0
1874, 0.0
358, 0.0
1812, 0.0
1829, 0.0
1873, 0.0
364, 0.0
1831, 0.0
1875, 0.0
1823, 0.0
1817, 0.0
1819, 0.0
1820, 0.0
1816, 0.0
1821, 0.0
1822, 0.0
360, 0.0
1815, 0.0
1824, 0.0
1828, 0.0
1825, 0.0
1877, 0.0
1876, 0.0
1814, 0.0
1813, 0.0
1826, 0.0
361, 0.0
1827, 0.0
1818, 0.0
1869, 0.0
368, 0.0
1811, 0.0
1845, 0.0
1846, 0.0
1847, 0.0
1848, 0.0
1849, 0.0
1850, 0.0
1851, 0.0
1852, 0.0
1853, 0.0
1854, 0.0
404, 0.0
1855, 0.0
1856, 0.0
1857, 0.0
1858, 0.0
1859, 0.0
1860, 0.0
1861, 0.0
1862, 0.0
1863, 0.0
1864, 0.0
1865, 0.0
1866, 0.0
1871, 0.0
1867, 0.0
1868, 0.0
1870, 0.0
1844, 0.0
1843, 0.0
371, 0.0
417, 0.0
1832, 0.0
372, 0.0
374, 0.0
1833, 0.0
1834, 0.0
1835, 0.0
388, 0.0
1836, 0.0
1837, 0.0
1838, 0.0
436, 0.0
433, 0.0
1839, 0.0
429, 0.0
1840, 0.0
383, 0.0
1872, 0.0
427, 0.0
426, 0.0
1841, 0.0
424, 0.0
423, 0.0
1842, 0.0
421, 0.0
420, 0.0
419, 0.0
418, 0.0
441, 0.0
1311, 0.0
468, 0.0
570, 0.0
564, 0.0
565, 0.0
566, 0.0
567, 0.0
568, 0.0
569, 0.0
571, 0.0
1777, 0.0
572, 0.0
573, 0.0
574, 0.0
575, 0.0
1780, 0.0
1779, 0.0
563, 0.0
562, 0.0
561, 0.0
560, 0.0
559, 0.0
558, 0.0
557, 0.0
556, 0.0
555, 0.0
554, 0.0
553, 0.0
552, 0.0
551, 0.0
550, 0.0
549, 0.0
548, 0.0
547, 0.0
1778, 0.0
1776, 0.0
545, 0.0
606, 0.0
600, 0.0
601, 0.0
602, 0.0
603, 0.0
604, 0.0
605, 0.0
607, 0.0
1775, 0.0
608, 0.0
609, 0.0
610, 0.0
612, 0.0
613, 0.0
614, 0.0
599, 0.0
598, 0.0
597, 0.0
596, 0.0
595, 0.0
594, 0.0
593, 0.0
592, 0.0
1766, 0.0
1767, 0.0
1768, 0.0
1769, 0.0
1770, 0.0
1771, 0.0
1772, 0.0
1773, 0.0
1774, 0.0
546, 0.0
544, 0.0
1810, 0.0
493, 0.0
487, 0.0
488, 0.0
489, 0.0
490, 0.0
491, 0.0
492, 0.0
494, 0.0
503, 0.0
495, 0.0
353, 0.0
1801, 0.0
499, 0.0
500, 0.0
1800, 0.0
486, 0.0
485, 0.0
484, 0.0
483, 0.0
482, 0.0
481, 0.0
480, 0.0
479, 0.0
1802, 0.0
477, 0.0
1803, 0.0
1804, 0.0
1805, 0.0
1806, 0.0
1807, 0.0
1808, 0.0
1809, 0.0
1799, 0.0
1798, 0.0
1781, 0.0
1789, 0.0
1795, 0.0
1794, 0.0
1793, 0.0
1792, 0.0
1791, 0.0
1790, 0.0
1788, 0.0
1797, 0.0
1787, 0.0
1786, 0.0
1785, 0.0
1784, 0.0
1783, 0.0
1782, 0.0
527, 0.0
526, 0.0
525, 0.0
524, 0.0
523, 0.0
522, 0.0
521, 0.0
520, 0.0
519, 0.0
518, 0.0
517, 0.0
516, 0.0
515, 0.0
514, 0.0
513, 0.0
512, 0.0
1796, 0.0
354, 0.0
1898, 0.0
352, 0.0
2008, 0.0
119, 0.0
1993, 0.0
1992, 0.0
1991, 0.0
1990, 0.0
1989, 0.0
1988, 0.0
1987, 0.0
129, 0.0
130, 0.0
1986, 0.0
132, 0.0
133, 0.0
134, 0.0
135, 0.0
136, 0.0
1985, 0.0
1994, 0.0
1995, 0.0
116, 0.0
104, 0.0
2006, 0.0
97, 0.0
2005, 0.0
100, 0.0
101, 0.0
102, 0.0
103, 0.0
2004, 0.0
1996, 0.0
2003, 0.0
2002, 0.0
2001, 0.0
2000, 0.0
1999, 0.0
1998, 0.0
1997, 0.0
1984, 0.0
139, 0.0
1983, 0.0
175, 0.0
168, 0.0
169, 0.0
170, 0.0
171, 0.0
172, 0.0
173, 0.0
174, 0.0
1971, 0.0
166, 0.0
177, 0.0
178, 0.0
1970, 0.0
180, 0.0
181, 0.0
182, 0.0
183, 0.0
167, 0.0
165, 0.0
1982, 0.0
1976, 0.0
142, 0.0
1981, 0.0
1980, 0.0
1979, 0.0
148, 0.0
1978, 0.0
1977, 0.0
1975, 0.0
164, 0.0
1974, 0.0
1973, 0.0
1972, 0.0
160, 0.0
161, 0.0
162, 0.0
163, 0.0
2007, 0.0
2009, 0.0
1878, 0.0
92, 0.0
2030, 0.0
32, 0.0
33, 0.0
34, 0.0
35, 0.0
36, 0.0
37, 0.0
38, 0.0
39, 0.0
40, 0.0
41, 0.0
42, 0.0
43, 0.0
44, 0.0
45, 0.0
46, 0.0
47, 0.0
2031, 0.0
2032, 0.0
2033, 0.0
2043, 0.0
2, 0.0
4, 0.0
5, 0.0
7, 0.0
2045, 0.0
12, 0.0
2044, 0.0
2042, 0.0
2034, 0.0
2041, 0.0
2040, 0.0
2039, 0.0
2038, 0.0
2037, 0.0
2036, 0.0
2035, 0.0
48, 0.0
49, 0.0
50, 0.0
2015, 0.0
2021, 0.0
2020, 0.0
2019, 0.0
2018, 0.0
2017, 0.0
2016, 0.0
82, 0.0
84, 0.0
2023, 0.0
85, 0.0
2014, 0.0
87, 0.0
2013, 0.0
2012, 0.0
2011, 0.0
2010, 0.0
2022, 0.0
2024, 0.0
51, 0.0
59, 0.0
52, 0.0
53, 0.0
54, 0.0
55, 0.0
56, 0.0
57, 0.0
58, 0.0
60, 0.0
2025, 0.0
61, 0.0
62, 0.0
63, 0.0
2029, 0.0
2028, 0.0
2027, 0.0
2026, 0.0
184, 0.0
1969, 0.0
1968, 0.0
187, 0.0
292, 0.0
293, 0.0
1923, 0.0
295, 0.0
296, 0.0
1922, 0.0
298, 0.0
299, 0.0
1921, 0.0
301, 0.0
1920, 0.0
1919, 0.0
1918, 0.0
1917, 0.0
306, 0.0
1916, 0.0
308, 0.0
291, 0.0
290, 0.0
289, 0.0
1933, 0.0
271, 0.0
1939, 0.0
1938, 0.0
1937, 0.0
1936, 0.0
1935, 0.0
1934, 0.0
1932, 0.0
1924, 0.0
1931, 0.0
1930, 0.0
1929, 0.0
1928, 0.0
1927, 0.0
1926, 0.0
1925, 0.0
309, 0.0
1915, 0.0
311, 0.0
340, 0.0
1893, 0.0
1892, 0.0
1891, 0.0
1890, 0.0
1889, 0.0
1888, 0.0
1887, 0.0
1886, 0.0
1895, 0.0
1885, 0.0
1884, 0.0
1883, 0.0
1882, 0.0
1881, 0.0
1880, 0.0
1879, 0.0
1894, 0.0
1896, 0.0
1914, 0.0
1906, 0.0
1913, 0.0
1912, 0.0
1911, 0.0
1910, 0.0
1909, 0.0
1908, 0.0
1907, 0.0
1905, 0.0
1897, 0.0
1904, 0.0
1903, 0.0
1902, 0.0
1901, 0.0
1900, 0.0
1899, 0.0
1764, 0.0
1940, 0.0
269, 0.0
1941, 0.0
217, 0.0
210, 0.0
211, 0.0
212, 0.0
213, 0.0
214, 0.0
215, 0.0
216, 0.0
218, 0.0
208, 0.0
219, 0.0
220, 0.0
221, 0.0
222, 0.0
223, 0.0
224, 0.0
225, 0.0
209, 0.0
1951, 0.0
227, 0.0
1961, 0.0
1967, 0.0
1966, 0.0
190, 0.0
1965, 0.0
1964, 0.0
1963, 0.0
1962, 0.0
1960, 0.0
1952, 0.0
1959, 0.0
1958, 0.0
1957, 0.0
1956, 0.0
1955, 0.0
1954, 0.0
1953, 0.0
226, 0.0
228, 0.0
266, 0.0
1949, 0.0
250, 0.0
251, 0.0
252, 0.0
253, 0.0
254, 0.0
255, 0.0
1950, 0.0
1948, 0.0
248, 0.0
1947, 0.0
260, 0.0
1946, 0.0
1945, 0.0
1944, 0.0
1943, 0.0
1942, 0.0
249, 0.0
247, 0.0
229, 0.0
237, 0.0
230, 0.0
231, 0.0
232, 0.0
233, 0.0
234, 0.0
235, 0.0
236, 0.0
238, 0.0
246, 0.0
239, 0.0
240, 0.0
241, 0.0
242, 0.0
243, 0.0
244, 0.0
245, 0.0
1765, 0.0
655, 0.0
1763, 0.0
1363, 0.0
1370, 0.0
1369, 0.0
1368, 0.0
1367, 0.0
1366, 0.0
1365, 0.0
1364, 0.0
1362, 0.0
1105, 0.0
1361, 0.0
1360, 0.0
1359, 0.0
1358, 0.0
1357, 0.0
1356, 0.0
1355, 0.0
1087, 0.0
1086, 0.0
1085, 0.0
1084, 0.0
1069, 0.0
1070, 0.0
1071, 0.0
1072, 0.0
1073, 0.0
1074, 0.0
1075, 0.0
1076, 0.0
1077, 0.0
1078, 0.0
1079, 0.0
1080, 0.0
1081, 0.0
1082, 0.0
1083, 0.0
1104, 0.0
1106, 0.0
618, 0.0
1134, 0.0
1127, 0.0
1128, 0.0
1129, 0.0
1130, 0.0
1131, 0.0
1132, 0.0
1133, 0.0
1135, 0.0
1107, 0.0
1137, 0.0
1138, 0.0
1140, 0.0
1141, 0.0
1142, 0.0
1143, 0.0
1144, 0.0
1126, 0.0
1125, 0.0
1124, 0.0
1123, 0.0
1108, 0.0
1109, 0.0
1110, 0.0
1111, 0.0
1112, 0.0
1113, 0.0
1114, 0.0
1115, 0.0
1116, 0.0
1117, 0.0
1118, 0.0
1119, 0.0
1120, 0.0
1121, 0.0
1122, 0.0
1371, 0.0
1372, 0.0
1373, 0.0
1412, 0.0
1418, 0.0
1417, 0.0
1416, 0.0
1415, 0.0
1012, 0.0
1414, 0.0
1413, 0.0
1411, 0.0
1374, 0.0
1018, 0.0
1410, 0.0
1409, 0.0
1408, 0.0
1407, 0.0
2046, 0.0
1406, 0.0
1007, 0.0
1006, 0.0
1005, 0.0
1004, 0.0
1421, 0.0
1420, 0.0
1419, 0.0
992, 0.0
993, 0.0
994, 0.0
995, 0.0
996, 0.0
997, 0.0
998, 0.0
999, 0.0
1000, 0.0
1001, 0.0
1002, 0.0
1003, 0.0
1405, 0.0
1404, 0.0
1027, 0.0
1389, 0.0
1387, 0.0
1386, 0.0
1385, 0.0
1384, 0.0
1383, 0.0
1382, 0.0
1381, 0.0
1380, 0.0
1379, 0.0
1378, 0.0
1059, 0.0
1060, 0.0
1377, 0.0
1376, 0.0
1375, 0.0
1388, 0.0
1390, 0.0
1028, 0.0
1391, 0.0
1403, 0.0
1030, 0.0
1402, 0.0
1401, 0.0
1400, 0.0
1399, 0.0
1398, 0.0
1397, 0.0
1037, 0.0
1038, 0.0
1396, 0.0
1395, 0.0
1394, 0.0
1393, 0.0
1392, 0.0
1354, 0.0
1147, 0.0
1150, 0.0
1263, 0.0
1256, 0.0
1257, 0.0
1258, 0.0
1259, 0.0
1260, 0.0
1261, 0.0
1262, 0.0
1264, 0.0
1235, 0.0
1265, 0.0
1266, 0.0
1267, 0.0
1268, 0.0
1269, 0.0
1270, 0.0
1271, 0.0
1255, 0.0
1254, 0.0
1253, 0.0
1252, 0.0
1319, 0.0
1318, 0.0
1239, 0.0
1317, 0.0
1316, 0.0
1315, 0.0
1243, 0.0
1244, 0.0
1314, 0.0
1313, 0.0
1312, 0.0
1248, 0.0
1249, 0.0
1250, 0.0
1251, 0.0
1272, 0.0
1273, 0.0
1274, 0.0
1293, 0.0
1295, 0.0
1296, 0.0
1297, 0.0
1298, 0.0
1299, 0.0
1300, 0.0
1301, 0.0
1302, 0.0
1303, 0.0
1304, 0.0
1305, 0.0
1306, 0.0
1307, 0.0
1308, 0.0
1309, 0.0
1294, 0.0
1292, 0.0
1275, 0.0
1291, 0.0
1276, 0.0
1277, 0.0
1278, 0.0
1279, 0.0
1280, 0.0
1281, 0.0
1282, 0.0
1283, 0.0
1284, 0.0
1285, 0.0
1286, 0.0
1287, 0.0
1288, 0.0
1289, 0.0
1290, 0.0
1236, 0.0
1234, 0.0
1152, 0.0
1343, 0.0
1350, 0.0
1349, 0.0
1348, 0.0
1347, 0.0
1346, 0.0
1345, 0.0
1344, 0.0
1342, 0.0
1320, 0.0
1184, 0.0
1185, 0.0
1186, 0.0
1187, 0.0
1188, 0.0
1189, 0.0
1190, 0.0
1172, 0.0
1351, 0.0
1352, 0.0
1353, 0.0
1153, 0.0
1154, 0.0
1155, 0.0
1156, 0.0
1157, 0.0
1158, 0.0
1159, 0.0
1160, 0.0
1161, 0.0
1162, 0.0
1163, 0.0
1164, 0.0
1165, 0.0
1166, 0.0
1167, 0.0
1191, 0.0
1192, 0.0
1193, 0.0
1212, 0.0
1334, 0.0
1333, 0.0
1332, 0.0
1331, 0.0
1330, 0.0
1329, 0.0
1328, 0.0
1327, 0.0
1326, 0.0
1325, 0.0
1324, 0.0
1323, 0.0
1322, 0.0
1321, 0.0
1232, 0.0
1335, 0.0
1211, 0.0
1194, 0.0
1336, 0.0
1195, 0.0
1196, 0.0
1197, 0.0
1198, 0.0
1199, 0.0
1200, 0.0
1341, 0.0
1202, 0.0
1203, 0.0
1204, 0.0
1340, 0.0
1339, 0.0
1207, 0.0
1338, 0.0
1337, 0.0
1422, 0.0
1423, 0.0
1424, 0.0
746, 0.0
739, 0.0
740, 0.0
741, 0.0
742, 0.0
743, 0.0
744, 0.0
745, 0.0
747, 0.0
1699, 0.0
748, 0.0
749, 0.0
750, 0.0
751, 0.0
1697, 0.0
756, 0.0
1696, 0.0
738, 0.0
737, 0.0
736, 0.0
735, 0.0
720, 0.0
721, 0.0
722, 0.0
723, 0.0
724, 0.0
725, 0.0
726, 0.0
727, 0.0
728, 0.0
729, 0.0
730, 0.0
731, 0.0
732, 0.0
733, 0.0
734, 0.0
1679, 0.0
1670, 0.0
1667, 0.0
1653, 0.0
1651, 0.0
1650, 0.0
1649, 0.0
1648, 0.0
1647, 0.0
788, 0.0
1638, 0.0
1636, 0.0
1635, 0.0
1632, 0.0
804, 0.0
1620, 0.0
1588, 0.0
816, 0.0
817, 0.0
1652, 0.0
1654, 0.0
1664, 0.0
1655, 0.0
1663, 0.0
1662, 0.0
765, 0.0
1661, 0.0
1660, 0.0
1659, 0.0
1658, 0.0
771, 0.0
772, 0.0
773, 0.0
1657, 0.0
1656, 0.0
776, 0.0
777, 0.0
778, 0.0
1698, 0.0
1700, 0.0
820, 0.0
650, 0.0
1749, 0.0
644, 0.0
645, 0.0
646, 0.0
1748, 0.0
1747, 0.0
1746, 0.0
651, 0.0
1701, 0.0
652, 0.0
1745, 0.0
1744, 0.0
1310, 0.0
1727, 0.0
1718, 0.0
672, 0.0
642, 0.0
641, 0.0
640, 0.0
1750, 0.0
619, 0.0
620, 0.0
1762, 0.0
1761, 0.0
623, 0.0
1760, 0.0
1759, 0.0
1758, 0.0
1757, 0.0
1756, 0.0
1755, 0.0
1754, 0.0
1753, 0.0
1752, 0.0
1751, 0.0
673, 0.0
674, 0.0
675, 0.0
1716, 0.0
698, 0.0
699, 0.0
700, 0.0
703, 0.0
1712, 0.0
1711, 0.0
1710, 0.0
1709, 0.0
1708, 0.0
1707, 0.0
1706, 0.0
1705, 0.0
1704, 0.0
1703, 0.0
1702, 0.0
1715, 0.0
694, 0.0
676, 0.0
693, 0.0
677, 0.0
678, 0.0
679, 0.0
680, 0.0
681, 0.0
682, 0.0
683, 0.0
684, 0.0
685, 0.0
686, 0.0
687, 0.0
688, 0.0
689, 0.0
690, 0.0
692, 0.0
819, 0.0
823, 0.0
1425, 0.0
1454, 0.0
1460, 0.0
1459, 0.0
1458, 0.0
932, 0.0
1457, 0.0
1456, 0.0
1455, 0.0
937, 0.0
1481, 0.0
1453, 0.0
1452, 0.0
1451, 0.0
1450, 0.0
1449, 0.0
943, 0.0
944, 0.0
1461, 0.0
1462, 0.0
1463, 0.0
1464, 0.0
1479, 0.0
1478, 0.0
1477, 0.0
1476, 0.0
1475, 0.0
1474, 0.0
1473, 0.0
1472, 0.0
1471, 0.0
1470, 0.0
1469, 0.0
1468, 0.0
1467, 0.0
1466, 0.0
1465, 0.0
945, 0.0
946, 0.0
947, 0.0
1442, 0.0
1440, 0.0
1439, 0.0
1438, 0.0
1437, 0.0
1436, 0.0
1435, 0.0
1434, 0.0
1433, 0.0
1432, 0.0
1431, 0.0
1430, 0.0
1429, 0.0
1428, 0.0
1427, 0.0
1426, 0.0
1441, 0.0
1443, 0.0
948, 0.0
1444, 0.0
949, 0.0
950, 0.0
951, 0.0
952, 0.0
953, 0.0
954, 0.0
955, 0.0
956, 0.0
957, 0.0
958, 0.0
959, 0.0
1448, 0.0
1447, 0.0
1446, 0.0
1445, 0.0
1480, 0.0
1482, 0.0
825, 0.0
1513, 0.0
1517, 0.0
1516, 0.0
851, 0.0
852, 0.0
1515, 0.0
1514, 0.0
855, 0.0
1512, 0.0
1483, 0.0
1511, 0.0
1510, 0.0
1509, 0.0
1508, 0.0
1507, 0.0
1506, 0.0
864, 0.0
1518, 0.0
1519, 0.0
1520, 0.0
1521, 0.0
1540, 0.0
1535, 0.0
1534, 0.0
1533, 0.0
1532, 0.0
1531, 0.0
1530, 0.0
1529, 0.0
1528, 0.0
1527, 0.0
1526, 0.0
1525, 0.0
1524, 0.0
1523, 0.0
1522, 0.0
865, 0.0
866, 0.0
867, 0.0
1500, 0.0
1498, 0.0
1497, 0.0
1496, 0.0
1495, 0.0
1494, 0.0
1493, 0.0
1492, 0.0
1491, 0.0
1490, 0.0
1489, 0.0
1488, 0.0
1487, 0.0
1486, 0.0
1485, 0.0
1484, 0.0
1499, 0.0
1501, 0.0
868, 0.0
884, 0.0
869, 0.0
870, 0.0
871, 0.0
872, 0.0
873, 0.0
874, 0.0
875, 0.0
876, 0.0
877, 0.0
878, 0.0
879, 0.0
1505, 0.0
1504, 0.0
1503, 0.0
1502, 0.0
2047, 0.0
