Hessian ranking (weighted sum * eigenvalue) for model (param idx, rank)
14, 2168.24560546875
6, 1354.6710205078125
38, 982.3023071289062
426, 740.95068359375
54, 522.9634399414062
438, 476.6130065917969
938, 452.78277587890625
30, 451.4858703613281
330, 433.01031494140625
950, 302.69970703125
1706, 295.70184326171875
554, 287.56524658203125
1713, 282.43096923828125
342, 272.4875183105469
433, 272.2781677246094
35, 241.1239013671875
234, 238.02516174316406
8, 229.45042419433594
58, 229.2512664794922
22, 228.68748474121094
429, 222.4401092529297
36, 204.09666442871094
1617, 197.08938598632812
436, 196.3103485107422
1610, 195.94805908203125
936, 191.9956817626953
32, 187.41513061523438
1, 185.0467071533203
1323, 183.33529663085938
2026, 176.2389373779297
1898, 176.2389373779297
1386, 176.2389373779297
1514, 176.2389373779297
406, 174.99319458007812
1882, 174.29733276367188
2010, 174.29733276367188
1498, 174.29733276367188
1370, 174.29733276367188
1754, 171.65167236328125
90, 170.63108825683594
333, 170.2422637939453
1130, 166.20089721679688
106, 165.4738311767578
62, 165.05738830566406
618, 164.65940856933594
1227, 163.03631591796875
986, 162.30380249023438
394, 160.49746704101562
602, 160.21380615234375
1770, 154.266357421875
1242, 153.9443817138672
7, 153.41993713378906
1258, 153.07826232910156
858, 148.39625549316406
431, 144.4759521484375
435, 144.32553100585938
474, 142.2427215576172
337, 141.72569274902344
439, 140.06483459472656
954, 138.3114471435547
1002, 137.5794677734375
945, 136.147705078125
1626, 136.01177978515625
425, 134.8701934814453
340, 130.8763427734375
399, 125.45854949951172
401, 123.5791244506836
19, 121.35981750488281
937, 121.11538696289062
559, 120.37548828125
396, 118.9427719116211
1114, 118.92396545410156
553, 115.90868377685547
218, 115.3747787475586
246, 115.35742950439453
343, 113.17201232910156
1642, 112.96001434326172
566, 110.00948333740234
1197, 104.37879180908203
942, 100.34874725341797
403, 100.2427978515625
1066, 100.14415740966797
432, 99.51927185058594
746, 99.03206634521484
1322, 98.72216033935547
941, 96.83474731445312
1834, 95.69815063476562
842, 94.87833404541016
966, 94.61241912841797
395, 90.16062927246094
1324, 89.61974334716797
428, 89.427001953125
874, 86.51468658447266
730, 86.47525024414062
336, 85.79136657714844
1228, 85.47344207763672
948, 85.13400268554688
332, 81.0121841430664
437, 80.70697021484375
65, 80.24790954589844
177, 78.08131408691406
427, 76.6110610961914
1782, 74.40629577636719
1226, 74.23509979248047
1254, 73.54625701904297
1325, 73.39498138427734
1654, 72.9137191772461
570, 72.75137329101562
1638, 72.1636734008789
329, 72.00625610351562
1270, 71.75843811035156
4, 71.67855834960938
1334, 71.283203125
490, 70.63758087158203
1126, 70.47055053710938
1194, 69.30529022216797
334, 67.9841537475586
1238, 67.13567352294922
1715, 67.05382537841797
46, 65.68401336669922
70, 65.64258575439453
1714, 64.81959533691406
840, 64.30052185058594
557, 64.27932739257812
27, 64.09032440185547
1850, 63.922706604003906
362, 63.57087326049805
1229, 63.45183181762695
1526, 63.418975830078125
1398, 63.418975830078125
1910, 63.418975830078125
2038, 63.418975830078125
1382, 63.287818908691406
1510, 63.287818908691406
1894, 63.287818908691406
2022, 63.287818908691406
1766, 63.23173522949219
630, 62.654903411865234
346, 61.682708740234375
402, 60.980377197265625
51, 60.57217025756836
1078, 60.538455963134766
1709, 59.691871643066406
118, 59.42086410522461
614, 59.328277587890625
434, 59.19436264038086
300, 58.46690368652344
161, 58.16071319580078
405, 57.61112976074219
430, 57.593231201171875
48, 56.735374450683594
1704, 56.41933822631836
310, 56.36985397338867
102, 55.78409194946289
961, 55.766456604003906
458, 55.66937255859375
563, 55.598045349121094
397, 55.55848693847656
328, 55.10053634643555
233, 54.984745025634766
1619, 54.720149993896484
66, 54.028350830078125
998, 52.62205123901367
378, 52.50685119628906
1846, 52.17119598388672
1142, 51.10869598388672
957, 51.079132080078125
1835, 50.945838928222656
1069, 50.80366516113281
1618, 50.46284866333008
1333, 50.1383171081543
237, 49.95287322998047
301, 48.751102447509766
1237, 47.868202209472656
870, 47.73378372192383
393, 47.61487579345703
60, 47.3228759765625
1326, 46.932472229003906
1729, 46.52639389038086
906, 45.992149353027344
173, 45.86196517944336
964, 45.76115798950195
847, 45.23313903808594
232, 45.07304000854492
298, 44.71507263183594
924, 44.62444305419922
572, 44.48539733886719
918, 44.16117858886719
486, 44.15521240234375
244, 43.46266555786133
560, 43.210575103759766
1232, 43.20637893676758
558, 43.0411491394043
940, 43.01924133300781
1718, 42.88444137573242
230, 42.56619644165039
29, 42.52202224731445
424, 42.33252716064453
11, 42.03274917602539
1235, 41.195045471191406
1328, 40.55848693847656
922, 40.52243423461914
1331, 40.519325256347656
1230, 39.856021881103516
943, 39.75340270996094
1075, 39.38335037231445
1257, 39.25785827636719
555, 38.89143753051758
817, 38.6157341003418
1838, 38.5869026184082
404, 38.460899353027344
1014, 38.32652282714844
1241, 38.27238082885742
1203, 38.21969985961914
316, 37.76581573486328
44, 37.764305114746094
1769, 37.7465934753418
157, 37.70133972167969
841, 37.61174011230469
561, 37.554744720458984
958, 37.41311264038086
556, 37.177978515625
1133, 37.03388977050781
12, 36.533267974853516
1897, 35.72069549560547
1385, 35.72069549560547
1513, 35.72069549560547
2025, 35.72069549560547
1117, 35.571502685546875
1369, 35.422218322753906
1497, 35.422218322753906
2009, 35.422218322753906
1881, 35.422218322753906
1213, 35.393310546875
854, 35.20893096923828
241, 35.172218322753906
169, 34.93400192260742
1862, 34.92238235473633
326, 34.85136795043945
534, 34.83631134033203
99, 34.754058837890625
1753, 34.610774993896484
1036, 34.592533111572266
944, 34.458152770996094
1113, 34.3831672668457
115, 34.304439544677734
307, 34.296722412109375
1641, 34.29171371459961
239, 34.17073440551758
353, 34.16520690917969
904, 33.89863586425781
390, 33.81591796875
1625, 33.436519622802734
1128, 33.38045120239258
383, 33.35969161987305
1162, 33.318603515625
238, 33.30223083496094
168, 32.97169494628906
934, 32.643280029296875
952, 32.60127258300781
1635, 32.47476577758789
953, 32.43834686279297
758, 31.987354278564453
522, 31.940759658813477
25, 31.756301879882812
317, 31.665332794189453
1779, 31.55950355529785
1622, 31.5037784576416
912, 31.44365119934082
1263, 31.421833038330078
1165, 31.352413177490234
463, 31.237995147705078
735, 31.235675811767578
985, 31.20119285583496
617, 30.92028045654297
1247, 30.8583984375
564, 30.79433822631836
105, 30.773868560791016
89, 30.66631507873535
1065, 30.55034065246582
1907, 30.525876998901367
1523, 30.525876998901367
1395, 30.525876998901367
2035, 30.525876998901367
1775, 30.523712158203125
243, 30.351024627685547
601, 30.285541534423828
1219, 30.1905574798584
939, 30.103816986083984
1707, 30.045005798339844
1199, 29.935667037963867
369, 29.895143508911133
1891, 29.850549697875977
2019, 29.850549697875977
1379, 29.850549697875977
1507, 29.850549697875977
1859, 29.701908111572266
567, 29.434066772460938
1854, 29.362653732299805
1274, 29.322927474975586
16, 29.250402450561523
967, 28.824087142944336
17, 28.607173919677734
1129, 28.5487117767334
182, 28.49642562866211
28, 28.32406234741211
314, 28.317054748535156
1267, 28.304763793945312
497, 28.29418182373047
129, 28.25469398498535
927, 28.2307186126709
742, 28.185266494750977
552, 28.156352996826172
1651, 28.14829444885254
1851, 28.140857696533203
947, 28.110197067260742
227, 28.072948455810547
1843, 28.039751052856445
1201, 27.92874526977539
457, 27.85392189025879
1645, 27.83107566833496
1123, 27.752349853515625
1327, 27.68732452392578
1251, 27.686311721801758
946, 27.580106735229492
569, 27.51861572265625
991, 27.310293197631836
1708, 27.13796043395996
39, 26.763463973999023
491, 26.737579345703125
223, 26.68203353881836
755, 26.631757736206055
1064, 26.428903579711914
1068, 26.29302978515625
1759, 26.03591537475586
881, 25.94468879699707
1763, 25.89566993713379
1261, 25.853342056274414
347, 25.834348678588867
1196, 25.760801315307617
949, 25.746732711791992
1519, 25.736114501953125
1903, 25.736114501953125
1391, 25.736114501953125
2031, 25.736114501953125
1245, 25.695432662963867
1503, 25.451990127563477
1375, 25.451990127563477
1887, 25.451990127563477
2015, 25.451990127563477
913, 25.38778305053711
1647, 25.308216094970703
134, 25.290653228759766
1198, 25.17627716064453
387, 25.157306671142578
1268, 25.037031173706055
527, 24.996294021606445
857, 24.903940200805664
217, 24.895910263061523
1252, 24.76959228515625
627, 24.66166114807129
751, 24.629106521606445
529, 24.597614288330078
995, 24.564842224121094
1112, 24.413930892944336
1074, 24.270551681518555
628, 24.25818634033203
1615, 24.236665725708008
1636, 24.155221939086914
1780, 24.13551902770996
1034, 24.132705688476562
612, 24.101016998291016
1046, 24.039215087890625
1137, 24.001724243164062
385, 23.99542808532715
179, 23.99521827697754
810, 23.983596801757812
247, 23.964359283447266
1631, 23.90339469909668
1119, 23.740436553955078
1836, 23.739665985107422
524, 23.675676345825195
1649, 23.65382957458496
381, 23.589414596557617
867, 23.587610244750977
473, 23.5687313079834
95, 23.557640075683594
868, 23.5358943939209
1202, 23.36545753479004
1231, 23.319385528564453
739, 23.264392852783203
883, 23.188440322875977
1752, 23.165847778320312
1070, 23.04759407043457
1001, 22.994430541992188
737, 22.993770599365234
1773, 22.97705078125
729, 22.94896125793457
864, 22.727567672729492
1121, 22.67215347290039
1839, 22.48521614074707
111, 22.310693740844727
116, 22.28275489807129
611, 22.275949478149414
1908, 22.18512725830078
2036, 22.18512725830078
1524, 22.18512725830078
1396, 22.18512725830078
855, 22.121219635009766
1892, 22.010408401489258
2020, 22.010408401489258
1380, 22.010408401489258
1508, 22.010408401489258
100, 21.956180572509766
176, 21.8785343170166
1640, 21.80311393737793
1652, 21.772869110107422
1192, 21.763870239257812
49, 21.676740646362305
338, 21.643800735473633
745, 21.636381149291992
475, 21.615676879882812
1124, 21.48621368408203
166, 21.447816848754883
573, 21.41655921936035
26, 21.397817611694336
851, 21.135913848876953
442, 21.135616302490234
1609, 21.13361930847168
1720, 21.092742919921875
153, 21.08878517150879
930, 20.951675415039062
1608, 20.883779525756836
1757, 20.878206253051758
1043, 20.861316680908203
616, 20.72946548461914
323, 20.67979621887207
34, 20.663042068481445
1613, 20.602556228637695
10, 20.502038955688477
1384, 20.43065071105957
1512, 20.43065071105957
1896, 20.43065071105957
2024, 20.43065071105957
1496, 20.402721405029297
1368, 20.402721405029297
1880, 20.402721405029297
2008, 20.402721405029297
1764, 20.35474967956543
1768, 20.166868209838867
379, 20.154190063476562
863, 20.10443687438965
1629, 20.019243240356445
531, 19.94525146484375
984, 19.90073013305664
1837, 19.858423233032227
484, 19.840595245361328
623, 19.741422653198242
170, 19.64421844482422
377, 19.45600700378418
303, 19.351089477539062
600, 19.269350051879883
131, 19.127979278564453
685, 18.94587516784668
833, 18.94546127319336
407, 18.901824951171875
575, 18.88944435119629
682, 18.84885025024414
621, 18.82012367248535
996, 18.796730041503906
15, 18.71356201171875
879, 18.698144912719727
1723, 18.597976684570312
109, 18.56134605407715
1624, 18.430362701416016
1844, 18.407325744628906
152, 18.361677169799805
88, 18.191133499145508
843, 18.18511962890625
607, 18.1477108001709
183, 18.135913848876953
163, 18.024747848510742
1210, 17.98922348022461
523, 17.931705474853516
882, 17.884990692138672
308, 17.78238868713379
1833, 17.599496841430664
1215, 17.5504150390625
1008, 17.48304557800293
1240, 17.45220184326172
1286, 17.44818878173828
47, 17.297216415405273
240, 17.173362731933594
811, 17.16146469116211
1012, 17.09343147277832
1901, 16.970844268798828
2029, 16.970844268798828
1389, 16.970844268798828
1517, 16.970844268798828
124, 16.94765853881836
1135, 16.938295364379883
1011, 16.912891387939453
2013, 16.813785552978516
1501, 16.813785552978516
1373, 16.813785552978516
1885, 16.813785552978516
302, 16.754793167114258
1283, 16.712024688720703
876, 16.711111068725586
1860, 16.689472198486328
605, 16.685924530029297
104, 16.65656280517578
579, 16.543455123901367
753, 16.46856117248535
1131, 16.380701065063477
910, 16.355514526367188
1256, 16.124340057373047
1855, 16.09942054748535
1007, 16.094043731689453
1217, 16.090831756591797
951, 16.033382415771484
50, 15.955039024353027
845, 15.578347206115723
1003, 15.53967571258545
1731, 15.473124504089355
871, 15.429397583007812
93, 15.361270904541016
1039, 15.311711311340332
738, 15.288294792175293
167, 15.281832695007324
1717, 15.091280937194824
476, 15.050653457641602
175, 14.988175392150879
1648, 14.954726219177246
1842, 14.784989356994629
814, 14.706002235412598
1725, 14.568526268005371
1262, 14.509273529052734
1711, 14.424410820007324
1849, 14.414077758789062
1246, 14.407124519348145
1193, 14.31838607788086
1212, 14.177976608276367
483, 14.15943431854248
1208, 14.137866973876953
1120, 14.0888671875
1200, 14.084123611450195
363, 14.077256202697754
681, 14.0485258102417
1774, 14.046286582946777
481, 14.009270668029785
861, 13.977704048156738
216, 13.96838665008545
1032, 13.846709251403809
1010, 13.831485748291016
225, 13.646093368530273
349, 13.62447738647461
1320, 13.59543514251709
923, 13.576769828796387
360, 13.564353942871094
689, 13.524386405944824
493, 13.496599197387695
669, 13.486714363098145
52, 13.434581756591797
31, 13.408123016357422
341, 13.31982421875
1153, 13.29883861541748
877, 13.229924201965332
562, 13.015884399414062
866, 12.990250587463379
992, 12.987207412719727
873, 12.96377182006836
1275, 12.878470420837402
389, 12.842939376831055
319, 12.80087947845459
1847, 12.798179626464844
989, 12.676276206970215
122, 12.672457695007324
1852, 12.669493675231934
1174, 12.565199851989746
844, 12.530115127563477
875, 12.475987434387207
495, 12.471227645874023
1674, 12.463876724243164
472, 12.447233200073242
107, 12.443622589111328
1760, 12.4369535446167
813, 12.425307273864746
1376, 12.385514259338379
1888, 12.385514259338379
2016, 12.385514259338379
1504, 12.385514259338379
2032, 12.364974021911621
1520, 12.364974021911621
1392, 12.364974021911621
1904, 12.364974021911621
956, 12.331551551818848
960, 12.309111595153809
1633, 12.280123710632324
812, 12.279614448547363
1858, 12.27655029296875
821, 12.217511177062988
1259, 12.185288429260254
1076, 12.173260688781738
530, 12.138263702392578
480, 12.136577606201172
1037, 12.118731498718262
1632, 12.038490295410156
1611, 11.993946075439453
1136, 11.946553230285645
1140, 11.911761283874512
1621, 11.846388816833496
859, 11.826214790344238
641, 11.801918029785156
1278, 11.781299591064453
1071, 11.693506240844727
731, 11.545236587524414
1776, 11.510415077209473
754, 11.481257438659668
533, 11.45108699798584
1204, 11.444648742675781
1118, 11.431340217590332
1284, 11.419297218322754
970, 11.4170560836792
1783, 11.17108154296875
917, 11.164615631103516
454, 11.149109840393066
973, 11.14687728881836
1264, 11.145456314086914
1243, 11.118110656738281
525, 11.038030624389648
119, 11.030877113342285
257, 11.01298713684082
311, 10.998209953308105
324, 10.985215187072754
608, 10.967135429382324
1139, 10.948144912719727
987, 10.938440322875977
1681, 10.920110702514648
1630, 10.88400936126709
909, 10.842292785644531
1861, 10.792665481567383
619, 10.789742469787598
339, 10.700057029724121
878, 10.686524391174316
1062, 10.669241905212402
1863, 10.660859107971191
994, 10.556428909301758
631, 10.500961303710938
1721, 10.477824211120605
318, 10.466962814331055
837, 10.452935218811035
103, 10.38550853729248
374, 10.382099151611328
1127, 10.362345695495605
449, 10.323531150817871
1282, 10.30459976196289
1658, 10.26116943359375
1082, 10.253750801086426
350, 10.238077163696289
364, 10.205720901489258
905, 10.188094139099121
574, 10.18066692352295
1132, 10.088848114013672
826, 10.077301979064941
1655, 10.076811790466309
1255, 10.01549243927002
380, 9.910124778747559
297, 9.902617454528809
1050, 9.875500679016113
1009, 9.851759910583496
603, 9.847966194152832
1271, 9.834640502929688
794, 9.813200950622559
1646, 9.811264991760254
1164, 9.802643775939941
624, 9.792377471923828
582, 9.775077819824219
830, 9.755729675292969
1042, 9.73193359375
1077, 9.725757598876953
284, 9.724445343017578
386, 9.707592010498047
1015, 9.684730529785156
744, 9.648477554321289
91, 9.568323135375977
154, 9.546539306640625
914, 9.511656761169434
521, 9.49466609954834
462, 9.46292495727539
351, 9.461071968078613
615, 9.450822830200195
1166, 9.43531608581543
565, 9.431658744812012
1072, 9.41510009765625
1248, 9.412688255310059
114, 9.389565467834473
1169, 9.384177207946777
886, 9.327712059020996
576, 9.307326316833496
955, 9.28180980682373
440, 9.267621040344238
880, 9.203903198242188
306, 9.198628425598145
469, 9.138007164001465
925, 9.06811237335205
829, 9.015606880187988
53, 8.997705459594727
37, 8.980928421020508
294, 8.976778984069824
687, 8.975616455078125
1218, 8.968657493591309
1895, 8.88132381439209
1511, 8.88132381439209
2023, 8.88132381439209
1383, 8.88132381439209
1639, 8.877586364746094
2039, 8.846037864685059
1527, 8.846037864685059
1911, 8.846037864685059
1399, 8.846037864685059
988, 8.84422779083252
931, 8.834205627441406
1499, 8.805423736572266
2011, 8.805423736572266
1371, 8.805423736572266
1883, 8.805423736572266
929, 8.789820671081543
1515, 8.753093719482422
1899, 8.753093719482422
1387, 8.753093719482422
2027, 8.753093719482422
610, 8.71977710723877
999, 8.711737632751465
797, 8.70403003692627
1206, 8.69678783416748
665, 8.694184303283691
1045, 8.680339813232422
1722, 8.672013282775879
620, 8.657604217529297
1224, 8.641834259033203
1726, 8.631986618041992
778, 8.624220848083496
108, 8.60425090789795
443, 8.600937843322754
245, 8.587092399597168
502, 8.57541275024414
1767, 8.566332817077637
666, 8.551849365234375
471, 8.457054138183594
1054, 8.447738647460938
1906, 8.366064071655273
1394, 8.366064071655273
2034, 8.366064071655273
1522, 8.366064071655273
445, 8.349287033081055
94, 8.348779678344727
96, 8.341670989990234
1171, 8.333723068237305
1172, 8.330605506896973
1683, 8.328566551208496
465, 8.324224472045898
159, 8.301793098449707
371, 8.263279914855957
872, 8.251335144042969
1612, 8.24026107788086
538, 8.214691162109375
1141, 8.207539558410645
1214, 8.154485702514648
838, 8.126546859741211
470, 8.11436939239502
2018, 8.106778144836426
1378, 8.106778144836426
1506, 8.106778144836426
1890, 8.106778144836426
1175, 8.098302841186523
285, 8.094722747802734
1211, 8.089174270629883
1845, 8.075348854064941
487, 8.068502426147461
388, 8.063823699951172
33, 8.043913841247559
1716, 8.033468246459961
98, 8.005794525146484
226, 7.910541534423828
537, 7.90773868560791
622, 7.882932662963867
1853, 7.878733158111572
92, 7.8341546058654785
221, 7.81588888168335
1762, 7.7895050048828125
171, 7.778719425201416
1848, 7.775267601013184
968, 7.753399848937988
1643, 7.745115756988525
494, 7.728786468505859
928, 7.697206020355225
606, 7.677796840667725
532, 7.649290561676025
499, 7.575990200042725
460, 7.46976900100708
916, 7.422757148742676
97, 7.3835601806640625
1244, 7.374495029449463
626, 7.365686893463135
1048, 7.363651752471924
361, 7.352179527282715
282, 7.276997089385986
224, 7.274430751800537
1644, 7.269257545471191
160, 7.226473331451416
993, 7.18698263168335
850, 7.160467147827148
543, 7.144113063812256
1049, 7.132141590118408
908, 7.10186767578125
1163, 7.100104331970215
1253, 7.019671440124512
920, 6.985379219055176
5, 6.927367687225342
1180, 6.878100395202637
1518, 6.86004638671875
2030, 6.86004638671875
1902, 6.86004638671875
1390, 6.86004638671875
1269, 6.8284592628479
728, 6.8139166831970215
1886, 6.789261341094971
2014, 6.789261341094971
1374, 6.789261341094971
1502, 6.789261341094971
1216, 6.756796360015869
1730, 6.74634313583374
695, 6.681985855102539
172, 6.6760382652282715
757, 6.623867511749268
578, 6.538716793060303
692, 6.537855625152588
1758, 6.524572849273682
1000, 6.509754180908203
1035, 6.508505821228027
1832, 6.493707656860352
1755, 6.4791035652160645
1287, 6.445979118347168
228, 6.430062294006348
684, 6.4133100509643555
327, 6.412601470947266
1067, 6.401338577270508
120, 6.374152660369873
2, 6.3705878257751465
313, 6.366285800933838
1260, 6.365767955780029
1190, 6.34963321685791
1056, 6.3383307456970215
673, 6.313390731811523
1705, 6.287567138671875
1170, 6.270644187927246
112, 6.267105579376221
638, 6.244239330291748
355, 6.228701591491699
544, 6.218440532684326
741, 6.159685134887695
261, 6.132425308227539
1143, 6.111171722412109
1207, 6.054426193237305
1085, 6.05226993560791
972, 6.0490007400512695
478, 6.026347637176514
645, 6.01668119430542
1778, 6.016227722167969
802, 5.982985973358154
1332, 5.978013038635254
1330, 5.945013046264648
500, 5.932550430297852
1670, 5.924211502075195
1672, 5.9206647872924805
1266, 5.912424087524414
1321, 5.90783166885376
884, 5.9053215980529785
250, 5.883853912353516
577, 5.873702049255371
1052, 5.814276218414307
1250, 5.81236457824707
959, 5.8015055656433105
254, 5.7433600425720215
962, 5.72420072555542
1181, 5.717835426330566
127, 5.699706077575684
634, 5.661463737487793
1712, 5.65860652923584
464, 5.651571750640869
1149, 5.60755729675293
1205, 5.599921703338623
808, 5.592577934265137
456, 5.5906548500061035
1857, 5.570352077484131
466, 5.54451322555542
736, 5.530367374420166
1667, 5.4538798332214355
1051, 5.452694416046143
690, 5.434834957122803
694, 5.388909816741943
291, 5.355336666107178
357, 5.3116865158081055
1161, 5.3019633293151855
1073, 5.283393383026123
1677, 5.277271270751953
253, 5.271481037139893
365, 5.270102024078369
1044, 5.258841037750244
348, 5.2468976974487305
825, 5.22871732711792
1306, 5.223084926605225
242, 5.214015483856201
1727, 5.205338954925537
373, 5.19508171081543
801, 5.162542343139648
849, 5.150249004364014
1178, 5.145163536071777
688, 5.125375747680664
1653, 5.107314586639404
1765, 5.047287464141846
299, 4.991781711578369
132, 4.969609260559082
637, 4.923490047454834
846, 4.90958309173584
1273, 4.886464595794678
446, 4.837954044342041
982, 4.832332134246826
1080, 4.813836574554443
965, 4.792870998382568
625, 4.766472816467285
629, 4.735442161560059
262, 4.71576452255249
344, 4.7135467529296875
331, 4.713363170623779
126, 4.71046257019043
668, 4.706592559814453
613, 4.694067478179932
229, 4.6873087882995605
322, 4.682095527648926
646, 4.677413463592529
752, 4.668727397918701
1060, 4.590910911560059
671, 4.573892116546631
790, 4.560351371765137
827, 4.558063507080078
609, 4.5514092445373535
890, 4.532228469848633
354, 4.53195333480835
1195, 4.501769542694092
819, 4.501548767089844
818, 4.479069232940674
1659, 4.46732234954834
101, 4.4589643478393555
803, 4.453298568725586
444, 4.443756580352783
9, 4.420709133148193
1628, 4.391695022583008
1138, 4.391582012176514
1040, 4.374632835388184
1055, 4.36386251449585
72, 4.3553080558776855
1781, 4.349109649658203
178, 4.340324401855469
1147, 4.330169200897217
1771, 4.304969787597656
1662, 4.290340900421143
539, 4.280274391174316
796, 4.2614874839782715
1167, 4.251002788543701
997, 4.243577003479004
785, 4.224713325500488
447, 4.210931777954102
674, 4.208646297454834
2037, 4.2026166915893555
1909, 4.2026166915893555
1525, 4.2026166915893555
1397, 4.2026166915893555
896, 4.194151878356934
604, 4.164781093597412
1155, 4.156329154968262
902, 4.143354415893555
1090, 4.113840103149414
162, 4.0806684494018555
1381, 4.078859806060791
2021, 4.078859806060791
1509, 4.078859806060791
1893, 4.078859806060791
852, 4.059586524963379
676, 4.0363569259643555
110, 4.028273105621338
541, 4.024454116821289
675, 4.0128397941589355
732, 3.9492647647857666
498, 3.9479002952575684
392, 3.927402973175049
375, 3.9198107719421387
477, 3.9016597270965576
1091, 3.8706419467926025
679, 3.8528666496276855
180, 3.8063182830810547
366, 3.8015096187591553
1187, 3.7917373180389404
776, 3.7862439155578613
235, 3.7675278186798096
535, 3.743175506591797
1637, 3.740274429321289
382, 3.716099262237549
1038, 3.684803009033203
734, 3.6745316982269287
799, 3.6728944778442383
1724, 3.66159725189209
865, 3.645719528198242
1905, 3.571908950805664
1393, 3.571908950805664
2033, 3.571908950805664
1521, 3.571908950805664
0, 3.5461173057556152
1668, 3.540872573852539
779, 3.5382041931152344
680, 3.52665114402771
848, 3.5264620780944824
1719, 3.5229804515838623
978, 3.5200603008270264
1087, 3.4848721027374268
747, 3.431226968765259
536, 3.4292654991149902
781, 3.4198243618011475
1272, 3.412181854248047
155, 3.411818027496338
1620, 3.3916561603546143
750, 3.3867692947387695
503, 3.357058048248291
41, 3.3194351196289062
1634, 3.3175599575042725
911, 3.306379556655884
1505, 3.2986152172088623
1377, 3.2986152172088623
2017, 3.2986152172088623
1889, 3.2986152172088623
1125, 3.2903788089752197
467, 3.282799243927002
1084, 3.2800917625427246
287, 3.2776529788970947
358, 3.2503106594085693
1057, 3.250107526779175
1089, 3.2183802127838135
1146, 3.205864191055298
1094, 3.198697090148926
1676, 3.1790292263031006
1623, 3.1783993244171143
756, 3.166929244995117
1144, 3.165731906890869
1318, 3.15297269821167
1673, 3.1073052883148193
888, 3.097486734390259
1209, 3.0964465141296387
1840, 3.095776319503784
1277, 3.0869741439819336
1315, 3.0844593048095703
121, 3.0815670490264893
391, 3.0528616905212402
1666, 3.0507616996765137
135, 3.0366837978363037
156, 3.013374090194702
1168, 2.9890806674957275
56, 2.9876983165740967
1265, 2.9657444953918457
2028, 2.9655251502990723
1516, 2.9655251502990723
1900, 2.9655251502990723
1388, 2.9655251502990723
1156, 2.961273431777954
455, 2.9368324279785156
80, 2.936063051223755
551, 2.9351184368133545
249, 2.928021192550659
990, 2.9211268424987793
686, 2.917022943496704
860, 2.9118688106536865
633, 2.9104387760162354
315, 2.9054172039031982
174, 2.904820442199707
1772, 2.9005026817321777
733, 2.884990930557251
488, 2.8825104236602783
1685, 2.8589928150177
292, 2.845104455947876
1279, 2.8427693843841553
740, 2.8246777057647705
1033, 2.8238794803619385
18, 2.819650650024414
1148, 2.8156492710113525
1293, 2.7990570068359375
691, 2.782766342163086
296, 2.782440185546875
571, 2.7718024253845215
809, 2.771663188934326
1733, 2.733060598373413
1013, 2.705035924911499
286, 2.70068359375
251, 2.700648546218872
81, 2.6958296298980713
975, 2.69561505317688
792, 2.6944806575775146
806, 2.68821120262146
1047, 2.6736838817596436
583, 2.6686134338378906
678, 2.6559865474700928
969, 2.622774124145508
1884, 2.6079797744750977
1372, 2.6079797744750977
1500, 2.6079797744750977
2012, 2.6079797744750977
1221, 2.6069650650024414
540, 2.5903146266937256
1614, 2.5676896572113037
1802, 2.5630717277526855
834, 2.560647964477539
452, 2.5125718116760254
892, 2.497011184692383
635, 2.494645357131958
450, 2.493853807449341
501, 2.4890713691711426
897, 2.4754738807678223
981, 2.471425771713257
461, 2.470003366470337
482, 2.453674554824829
759, 2.441340684890747
125, 2.4164671897888184
891, 2.3442695140838623
1281, 2.3358945846557617
807, 2.322221517562866
1183, 2.3159096240997314
748, 2.30894136428833
1307, 2.291907548904419
743, 2.2848668098449707
1728, 2.282083034515381
1249, 2.273435354232788
974, 2.2637500762939453
1679, 2.260256290435791
359, 2.2488858699798584
370, 2.216444492340088
1116, 2.2016046047210693
181, 2.1941914558410645
1222, 2.164224147796631
231, 2.1610107421875
1302, 2.1595749855041504
1316, 2.15781569480896
907, 2.1390323638916016
580, 2.1357526779174805
372, 2.089677333831787
335, 2.076925277709961
869, 2.0751914978027344
1675, 2.0707833766937256
1299, 2.067121982574463
1159, 2.0646090507507324
123, 2.0540196895599365
1671, 2.0538277626037598
1684, 2.047173023223877
1310, 2.041644811630249
492, 2.026050329208374
1188, 2.0144593715667725
795, 2.0000698566436768
1314, 1.988338828086853
410, 1.9751453399658203
1122, 1.975103735923767
61, 1.9750272035598755
782, 1.9719396829605103
1290, 1.9571744203567505
1657, 1.9317874908447266
451, 1.9296396970748901
1616, 1.912371277809143
1182, 1.9109007120132446
1145, 1.8865610361099243
815, 1.8546092510223389
550, 1.844266653060913
780, 1.836010217666626
164, 1.834648847579956
664, 1.82552969455719
73, 1.808975338935852
1220, 1.7883940935134888
822, 1.7866727113723755
220, 1.7820463180541992
1627, 1.7816412448883057
1805, 1.758262276649475
55, 1.7559523582458496
568, 1.7388805150985718
804, 1.7384369373321533
672, 1.7358388900756836
312, 1.735560417175293
581, 1.7202622890472412
979, 1.7056465148925781
783, 1.6979209184646606
1061, 1.6893830299377441
816, 1.6702384948730469
1006, 1.6679309606552124
963, 1.6646242141723633
295, 1.659837245941162
489, 1.650472640991211
281, 1.6311614513397217
398, 1.618016004562378
305, 1.5866860151290894
548, 1.578761100769043
683, 1.5762932300567627
86, 1.5486081838607788
1663, 1.535571813583374
971, 1.527066946029663
1081, 1.5269783735275269
258, 1.513515830039978
889, 1.5125548839569092
158, 1.4752376079559326
1682, 1.4429757595062256
642, 1.4316353797912598
87, 1.4067975282669067
547, 1.3601694107055664
356, 1.355971097946167
885, 1.3518739938735962
43, 1.3447483777999878
545, 1.3295000791549683
670, 1.3274394273757935
1297, 1.3035328388214111
643, 1.2868261337280273
1680, 1.2861753702163696
414, 1.2838616371154785
76, 1.2775826454162598
693, 1.2733186483383179
542, 1.2700620889663696
1063, 1.267090916633606
1058, 1.2628933191299438
1296, 1.2577545642852783
823, 1.2335050106048584
376, 1.2209599018096924
290, 1.2209402322769165
1335, 1.2129936218261719
1841, 1.2092219591140747
1319, 1.2010772228240967
1291, 1.2003535032272339
1777, 1.197792410850525
791, 1.1957542896270752
1656, 1.1898261308670044
1005, 1.189430832862854
1298, 1.1890811920166016
899, 1.1777006387710571
1191, 1.1751117706298828
415, 1.1745400428771973
1158, 1.1648187637329102
1661, 1.1582976579666138
1177, 1.1526784896850586
1092, 1.1297733783721924
1151, 1.1285706758499146
1686, 1.1217918395996094
805, 1.0898061990737915
85, 1.0793566703796387
421, 1.0743495225906372
1134, 1.0675170421600342
933, 1.0421758890151978
932, 1.0318703651428223
977, 1.0291049480438232
788, 1.0281853675842285
79, 1.0155431032180786
1329, 1.0154911279678345
983, 1.0020689964294434
1687, 0.9916847944259644
786, 0.9907098412513733
1160, 0.9872764348983765
856, 0.9854442477226257
75, 0.9765434861183167
1734, 0.9614319801330566
1083, 0.9571011066436768
1225, 0.9562537670135498
468, 0.9531007409095764
1152, 0.94184809923172
1739, 0.9315211772918701
976, 0.9301356077194214
441, 0.927448570728302
1276, 0.9185945391654968
1710, 0.9169812202453613
1660, 0.9123355746269226
1756, 0.9110784530639648
793, 0.8986517786979675
1088, 0.8976463675498962
1154, 0.8973051309585571
1079, 0.8939758539199829
412, 0.8934968113899231
1301, 0.8831536769866943
1186, 0.8655399680137634
1030, 0.855647623538971
1295, 0.8503562211990356
1020, 0.8471158146858215
352, 0.8432576060295105
1027, 0.8418194651603699
74, 0.8383669853210449
1059, 0.8282065987586975
1305, 0.8142687082290649
586, 0.7960533499717712
411, 0.7917509078979492
1665, 0.7855063676834106
1735, 0.7832537293434143
1150, 0.7786691784858704
1650, 0.7765279412269592
520, 0.7723405361175537
828, 0.7702913284301758
895, 0.7695040106773376
677, 0.7668237090110779
1285, 0.7564303874969482
485, 0.7560603022575378
898, 0.7510849237442017
636, 0.7508404850959778
1016, 0.7416952252388
901, 0.7413408756256104
479, 0.7355841994285583
283, 0.7353878021240234
787, 0.7270799875259399
632, 0.7242681980133057
1732, 0.7241990566253662
921, 0.7086701989173889
593, 0.7060152888298035
422, 0.686794102191925
1157, 0.6830123662948608
1803, 0.6749274134635925
453, 0.6749150156974792
1811, 0.6740670800209045
409, 0.6624243259429932
367, 0.6586744785308838
42, 0.6511708498001099
1808, 0.6457091569900513
1093, 0.6194837093353271
384, 0.6175832152366638
1807, 0.6153972148895264
1018, 0.6092215180397034
1304, 0.6016253232955933
1300, 0.594422459602356
1810, 0.5914442539215088
1233, 0.5853563547134399
113, 0.5844240188598633
1289, 0.58259516954422
820, 0.5708244442939758
639, 0.5684763789176941
345, 0.5630712509155273
1173, 0.558667778968811
595, 0.5428926348686218
749, 0.5404332876205444
496, 0.5366324782371521
862, 0.5323124527931213
1309, 0.5319491624832153
1179, 0.5185041427612305
413, 0.5140691995620728
1303, 0.5137968063354492
1740, 0.5020273923873901
1029, 0.5009456872940063
1813, 0.4955621659755707
1804, 0.487054705619812
1761, 0.4817922115325928
1234, 0.47569987177848816
1678, 0.4709799587726593
1806, 0.4633195102214813
280, 0.4533264935016632
777, 0.42501986026763916
1669, 0.4220599830150604
1809, 0.4209143817424774
1004, 0.417681485414505
1095, 0.4145377576351166
368, 0.41376858949661255
1021, 0.4136122167110443
83, 0.4113704264163971
1313, 0.41070476174354553
1294, 0.40840259194374084
1115, 0.3988510072231293
1750, 0.39671841263771057
1738, 0.39494210481643677
252, 0.38882169127464294
236, 0.38072264194488525
584, 0.3782801926136017
448, 0.3697366416454315
1741, 0.3661206364631653
1223, 0.36206290125846863
419, 0.3597961962223053
1311, 0.35526683926582336
526, 0.3416730761528015
1028, 0.3395402729511261
589, 0.3362841010093689
1317, 0.32182684540748596
1176, 0.3214637041091919
800, 0.31975528597831726
219, 0.31551292538642883
417, 0.31210562586784363
900, 0.2904813289642334
1026, 0.2853718101978302
1800, 0.2842520773410797
1749, 0.2781745195388794
915, 0.26769253611564636
304, 0.26767733693122864
408, 0.2655688524246216
789, 0.2641356289386749
1744, 0.25715601444244385
1747, 0.24682849645614624
1022, 0.2389572262763977
980, 0.22889608144760132
640, 0.2277415245771408
1742, 0.22510091960430145
1019, 0.21962198615074158
667, 0.21047763526439667
887, 0.20810365676879883
919, 0.20426532626152039
585, 0.20126104354858398
588, 0.19660016894340515
130, 0.1863490790128708
1236, 0.18352718651294708
597, 0.18274734914302826
935, 0.1800774186849594
1814, 0.17878690361976624
1031, 0.17390240728855133
784, 0.1707516759634018
418, 0.14914962649345398
57, 0.14710278809070587
591, 0.14075882732868195
423, 0.13954401016235352
587, 0.13370837271213531
596, 0.13079625368118286
1743, 0.12366343289613724
798, 0.12210545688867569
546, 0.10826423764228821
309, 0.10716608166694641
893, 0.1050090491771698
1812, 0.09824003279209137
1053, 0.09549421072006226
117, 0.09517797827720642
594, 0.09354866296052933
592, 0.0832538902759552
1801, 0.06904253363609314
599, 0.06666671484708786
598, 0.06491906940937042
903, 0.05843602865934372
1288, 0.049751732498407364
13, 0.04876469075679779
644, 0.0424615703523159
1736, 0.04182323440909386
1086, 0.03647215664386749
1239, 0.03603854402899742
590, 0.029868612065911293
647, 0.02927098609507084
1292, 0.02182239294052124
1664, 0.01933126710355282
1280, 0.017452586442232132
1815, 0.016714021563529968
1856, 0.008440958335995674
1024, 0.00814379844814539
1745, 0.006325414404273033
416, 0.0057039763778448105
222, 0.004188098479062319
1017, 0.00204268004745245
1933, 0.0
1923, 0.0
207, 0.0
1940, 0.0
1941, 0.0
200, 0.0
1927, 0.0
1926, 0.0
208, 0.0
1925, 0.0
1924, 0.0
1922, 0.0
205, 0.0
1921, 0.0
1920, 0.0
1919, 0.0
1918, 0.0
209, 0.0
199, 0.0
248, 0.0
1917, 0.0
1916, 0.0
1915, 0.0
206, 0.0
203, 0.0
204, 0.0
213, 0.0
1931, 0.0
1930, 0.0
1929, 0.0
1944, 0.0
1928, 0.0
1945, 0.0
1946, 0.0
201, 0.0
215, 0.0
214, 0.0
1934, 0.0
1932, 0.0
1935, 0.0
211, 0.0
1936, 0.0
210, 0.0
1937, 0.0
1938, 0.0
1939, 0.0
202, 0.0
1943, 0.0
1942, 0.0
212, 0.0
1828, 0.0
1914, 0.0
1818, 0.0
1820, 0.0
1821, 0.0
1822, 0.0
1823, 0.0
1824, 0.0
1825, 0.0
1826, 0.0
1827, 0.0
197, 0.0
1829, 0.0
1830, 0.0
1831, 0.0
1864, 0.0
1865, 0.0
1866, 0.0
1819, 0.0
1817, 0.0
293, 0.0
1816, 0.0
1788, 0.0
1789, 0.0
1790, 0.0
1791, 0.0
1792, 0.0
1793, 0.0
1794, 0.0
1795, 0.0
1796, 0.0
1797, 0.0
1798, 0.0
1799, 0.0
325, 0.0
321, 0.0
320, 0.0
1867, 0.0
1868, 0.0
1913, 0.0
271, 0.0
269, 0.0
268, 0.0
267, 0.0
266, 0.0
265, 0.0
264, 0.0
263, 0.0
1877, 0.0
1878, 0.0
260, 0.0
259, 0.0
1879, 0.0
1912, 0.0
256, 0.0
255, 0.0
270, 0.0
272, 0.0
1869, 0.0
273, 0.0
1870, 0.0
289, 0.0
288, 0.0
1871, 0.0
1872, 0.0
1873, 0.0
1874, 0.0
1875, 0.0
1876, 0.0
279, 0.0
278, 0.0
277, 0.0
276, 0.0
275, 0.0
274, 0.0
198, 0.0
824, 0.0
196, 0.0
2067, 0.0
71, 0.0
2064, 0.0
69, 0.0
68, 0.0
67, 0.0
2065, 0.0
2066, 0.0
64, 0.0
63, 0.0
2068, 0.0
2062, 0.0
2069, 0.0
59, 0.0
2070, 0.0
2071, 0.0
2072, 0.0
2073, 0.0
2074, 0.0
2075, 0.0
2076, 0.0
2063, 0.0
2061, 0.0
2078, 0.0
2053, 0.0
2044, 0.0
2045, 0.0
2046, 0.0
2047, 0.0
2048, 0.0
2049, 0.0
2050, 0.0
2051, 0.0
2052, 0.0
2054, 0.0
2060, 0.0
2055, 0.0
84, 0.0
82, 0.0
2056, 0.0
2057, 0.0
2058, 0.0
78, 0.0
77, 0.0
2059, 0.0
2077, 0.0
2079, 0.0
2042, 0.0
2108, 0.0
21, 0.0
20, 0.0
2101, 0.0
2102, 0.0
2103, 0.0
2104, 0.0
2105, 0.0
2106, 0.0
2107, 0.0
2109, 0.0
23, 0.0
2110, 0.0
2111, 0.0
2112, 0.0
2113, 0.0
2114, 0.0
2115, 0.0
3, 0.0
2116, 0.0
2117, 0.0
2100, 0.0
24, 0.0
2080, 0.0
2088, 0.0
2081, 0.0
45, 0.0
2082, 0.0
2083, 0.0
2084, 0.0
40, 0.0
2085, 0.0
2086, 0.0
2087, 0.0
2089, 0.0
2099, 0.0
2090, 0.0
2091, 0.0
2092, 0.0
2093, 0.0
2094, 0.0
2095, 0.0
2096, 0.0
2097, 0.0
2098, 0.0
2043, 0.0
2041, 0.0
195, 0.0
1968, 0.0
1960, 0.0
1961, 0.0
1962, 0.0
1963, 0.0
1964, 0.0
165, 0.0
1965, 0.0
1966, 0.0
1967, 0.0
1969, 0.0
1958, 0.0
1970, 0.0
1971, 0.0
1972, 0.0
1973, 0.0
1974, 0.0
1975, 0.0
1786, 0.0
1976, 0.0
1977, 0.0
1959, 0.0
1957, 0.0
150, 0.0
185, 0.0
194, 0.0
193, 0.0
192, 0.0
191, 0.0
190, 0.0
189, 0.0
188, 0.0
187, 0.0
186, 0.0
184, 0.0
1956, 0.0
1947, 0.0
1948, 0.0
1949, 0.0
1950, 0.0
1951, 0.0
1952, 0.0
1953, 0.0
1954, 0.0
1955, 0.0
151, 0.0
149, 0.0
2040, 0.0
1997, 0.0
1988, 0.0
1989, 0.0
1990, 0.0
1991, 0.0
1992, 0.0
1993, 0.0
1994, 0.0
1995, 0.0
1996, 0.0
1998, 0.0
1986, 0.0
1999, 0.0
2000, 0.0
2001, 0.0
2002, 0.0
2003, 0.0
2004, 0.0
2005, 0.0
2006, 0.0
2007, 0.0
1987, 0.0
1985, 0.0
148, 0.0
138, 0.0
147, 0.0
146, 0.0
145, 0.0
144, 0.0
143, 0.0
142, 0.0
141, 0.0
140, 0.0
139, 0.0
137, 0.0
1984, 0.0
136, 0.0
1978, 0.0
1979, 0.0
133, 0.0
1980, 0.0
1981, 0.0
1982, 0.0
128, 0.0
1983, 0.0
1787, 0.0
1592, 0.0
1785, 0.0
1356, 0.0
649, 0.0
648, 0.0
1350, 0.0
1351, 0.0
1352, 0.0
1353, 0.0
1354, 0.0
1355, 0.0
1357, 0.0
651, 0.0
1358, 0.0
1359, 0.0
1360, 0.0
1361, 0.0
1362, 0.0
1363, 0.0
1364, 0.0
1365, 0.0
650, 0.0
652, 0.0
1367, 0.0
663, 0.0
1342, 0.0
1343, 0.0
1344, 0.0
1345, 0.0
1346, 0.0
1347, 0.0
1348, 0.0
1349, 0.0
662, 0.0
653, 0.0
661, 0.0
660, 0.0
659, 0.0
658, 0.0
657, 0.0
656, 0.0
655, 0.0
654, 0.0
1366, 0.0
1400, 0.0
1784, 0.0
1432, 0.0
1424, 0.0
1425, 0.0
1426, 0.0
1427, 0.0
1428, 0.0
1429, 0.0
1430, 0.0
1431, 0.0
1433, 0.0
1422, 0.0
1434, 0.0
1435, 0.0
1436, 0.0
1437, 0.0
1438, 0.0
1439, 0.0
1440, 0.0
1441, 0.0
1423, 0.0
1421, 0.0
1401, 0.0
1410, 0.0
1402, 0.0
1403, 0.0
1404, 0.0
1405, 0.0
1406, 0.0
1407, 0.0
1408, 0.0
1409, 0.0
1411, 0.0
1420, 0.0
1412, 0.0
1413, 0.0
1414, 0.0
1415, 0.0
1416, 0.0
1417, 0.0
1418, 0.0
1419, 0.0
1341, 0.0
1340, 0.0
1339, 0.0
1098, 0.0
765, 0.0
764, 0.0
763, 0.0
762, 0.0
761, 0.0
760, 0.0
1096, 0.0
1097, 0.0
1099, 0.0
767, 0.0
1100, 0.0
1101, 0.0
1102, 0.0
1103, 0.0
1104, 0.0
1105, 0.0
1106, 0.0
1107, 0.0
766, 0.0
768, 0.0
1338, 0.0
1023, 0.0
831, 0.0
832, 0.0
835, 0.0
836, 0.0
839, 0.0
853, 0.0
894, 0.0
926, 0.0
1025, 0.0
769, 0.0
1041, 0.0
2118, 0.0
775, 0.0
774, 0.0
773, 0.0
772, 0.0
771, 0.0
770, 0.0
1108, 0.0
1109, 0.0
1110, 0.0
701, 0.0
709, 0.0
708, 0.0
707, 0.0
706, 0.0
705, 0.0
704, 0.0
703, 0.0
702, 0.0
700, 0.0
1111, 0.0
699, 0.0
698, 0.0
697, 0.0
696, 0.0
1308, 0.0
1312, 0.0
1336, 0.0
1337, 0.0
710, 0.0
711, 0.0
712, 0.0
713, 0.0
1184, 0.0
1185, 0.0
1189, 0.0
727, 0.0
726, 0.0
725, 0.0
724, 0.0
723, 0.0
722, 0.0
721, 0.0
720, 0.0
719, 0.0
718, 0.0
717, 0.0
716, 0.0
715, 0.0
714, 0.0
1442, 0.0
1443, 0.0
1444, 0.0
1576, 0.0
1568, 0.0
1569, 0.0
1570, 0.0
1571, 0.0
1572, 0.0
1573, 0.0
1574, 0.0
1575, 0.0
1577, 0.0
1566, 0.0
1578, 0.0
1579, 0.0
1580, 0.0
1581, 0.0
1582, 0.0
1583, 0.0
1584, 0.0
1585, 0.0
1567, 0.0
1565, 0.0
1545, 0.0
1555, 0.0
1547, 0.0
1548, 0.0
1549, 0.0
1550, 0.0
1551, 0.0
1552, 0.0
1553, 0.0
1554, 0.0
459, 0.0
1564, 0.0
1556, 0.0
1557, 0.0
1558, 0.0
1559, 0.0
1560, 0.0
1561, 0.0
1562, 0.0
1563, 0.0
1586, 0.0
1587, 0.0
1588, 0.0
1698, 0.0
1690, 0.0
1691, 0.0
1692, 0.0
1693, 0.0
1694, 0.0
1695, 0.0
1696, 0.0
1697, 0.0
1699, 0.0
1589, 0.0
1700, 0.0
1701, 0.0
1702, 0.0
1703, 0.0
1737, 0.0
1746, 0.0
1748, 0.0
1751, 0.0
1689, 0.0
1688, 0.0
1607, 0.0
1606, 0.0
420, 0.0
1590, 0.0
1591, 0.0
1593, 0.0
1594, 0.0
1595, 0.0
1596, 0.0
1597, 0.0
1598, 0.0
1599, 0.0
1600, 0.0
400, 0.0
1601, 0.0
1602, 0.0
1603, 0.0
1604, 0.0
1605, 0.0
1546, 0.0
1544, 0.0
1445, 0.0
1475, 0.0
1467, 0.0
1468, 0.0
1469, 0.0
1470, 0.0
1471, 0.0
1472, 0.0
1473, 0.0
1474, 0.0
1476, 0.0
1465, 0.0
528, 0.0
1477, 0.0
1478, 0.0
1479, 0.0
1480, 0.0
1481, 0.0
1482, 0.0
519, 0.0
1466, 0.0
1464, 0.0
1543, 0.0
1454, 0.0
1446, 0.0
1447, 0.0
1448, 0.0
1449, 0.0
1450, 0.0
1451, 0.0
1452, 0.0
1453, 0.0
1455, 0.0
1463, 0.0
1456, 0.0
1457, 0.0
549, 0.0
1458, 0.0
1459, 0.0
1460, 0.0
1461, 0.0
1462, 0.0
518, 0.0
517, 0.0
516, 0.0
1533, 0.0
1493, 0.0
1494, 0.0
1495, 0.0
1528, 0.0
1529, 0.0
1530, 0.0
1531, 0.0
1532, 0.0
1534, 0.0
515, 0.0
1535, 0.0
1536, 0.0
1537, 0.0
1538, 0.0
1539, 0.0
1540, 0.0
1541, 0.0
1542, 0.0
1492, 0.0
1491, 0.0
1490, 0.0
1489, 0.0
514, 0.0
513, 0.0
512, 0.0
511, 0.0
510, 0.0
509, 0.0
508, 0.0
507, 0.0
506, 0.0
505, 0.0
504, 0.0
1483, 0.0
1484, 0.0
1485, 0.0
1486, 0.0
1487, 0.0
1488, 0.0
2119, 0.0
