Hessian ranking (max sum eigenvector components) for model (param idx, rank)
1, 0.1343642145237247
11, 0.1184207160654509
3, 0.0816395119107689
742, 0.08046933346131979
22, 0.07845526777090273
741, -0.06654899776516121
68, 0.06378042480434942
25, 0.0537418037273838
9, 0.05069895886253617
866, 0.04784705742586581
869, -0.044537192588318675
789, 0.044408636833542126
0, -0.04320550799643552
13, -0.04096591326046495
149, 0.04007306381739806
737, 0.037183316288835755
60, 0.036341403777519155
33, 0.03327078764449087
482, 0.0317289389198816
44, 0.029556888229553824
870, 0.02554400534472201
1250, 0.024004916929538878
1253, -0.02233738503793936
994, 0.022050802906825595
1634, 0.021568000061760184
36, 0.020338443119051197
864, 0.020018960855042733
726, -0.019408645749996456
1173, 0.01823766687054129
1637, -0.017162115952122026
1762, 0.016894230351364392
357, -0.0163215271597813
997, -0.016045331971966892
30, 0.015119574430218441
1761, 0.014186461998894284
277, 0.013487762361853672
405, 0.012953405332392975
12, 0.012298838275121238
1765, -0.01229777418908895
389, 0.011733199094771107
225, 0.011447525520948243
485, -0.010842802406755725
4, 0.010782996949979307
1757, 0.010314991626940051
998, 0.009904261478461407
932, -0.0099019098269435
720, -0.00969288140709057
1615, -0.009568238078791369
1045, 0.009511360053229834
387, 0.009237302770133127
1273, 0.00914376881892831
917, 0.009080065351827482
421, 0.008882029160965754
354, 0.008744613679589897
661, 0.008687053383783783
52, 0.008348982802540539
20, 0.007957584892806069
1245, 0.007600284950500025
102, 0.007546367616465821
1122, 0.007012079423427853
404, -0.007006696720874173
859, 0.006983354879832371
419, -0.006468461806867776
861, 0.006391490435023517
1633, 0.006331489916751476
51, 0.0062302319129033945
1249, 0.0060562471079954605
480, 0.0059437755306976925
34, -0.005921482401971545
1171, 0.0057902536588446685
1629, 0.005780051034961153
1685, 0.005641173684237055
1301, 0.005571235018952653
420, -0.005543818172125126
1621, 0.005513962044744941
992, 0.005392414494280351
355, 0.005301757126610629
925, -0.00525345484438261
928, -0.00520685449599223
774, 0.005114556928072389
911, 0.005078676877941224
477, 0.004834186519574957
736, 0.004814709082210877
209, -0.0048041053302971815
858, 0.00475513617440243
414, -0.004745303734860096
28, 0.004459465707485177
469, 0.004431162965470414
868, -0.0042541182645388365
486, 0.003977121939528372
735, 0.003927762018825276
988, -0.003885262305436399
1617, -0.0038814485806518695
1746, -0.0038578612538606727
1628, -0.0037907598870001724
229, -0.003599979896756811
935, 0.003495812322373948
1631, -0.003483123482117545
953, 0.003424493410676188
955, -0.0034036006455266943
863, 0.0032772748126027595
409, -0.003275522782233309
688, 0.0032145841885140025
437, 0.0032005858923538355
1753, 0.00319219338090565
101, -0.0031380997649463893
19, 0.0031270242785819136
996, 0.003114478018448885
216, 0.003113651889366631
372, -0.0031134137963915176
275, 0.0030053468561549723
407, 0.002865569351516717
478, 0.002860485765596499
1305, -0.002797722134097569
966, 0.002735462408240963
1636, 0.002713217545415314
198, -0.0026928880135075467
196, -0.0026366487035922592
790, 0.0025909771746995824
851, 0.0025826637887487736
150, -0.002540381828720961
933, 0.0025228686617003726
182, 0.0025006458233900603
1632, -0.0024792820603992682
1610, -0.0024417730013723826
719, -0.0023975407299244855
474, 0.0023859455697743948
1241, 0.002367915545203464
31, -0.0023614075813231106
604, -0.0023253290906689317
613, -0.0023230994140208128
1756, -0.002321060442753403
466, -0.0023203301970605716
213, 0.002258806991516815
1701, -0.002244091846636126
1620, 0.0021660660308721463
1627, 0.002162586202522701
1763, -0.0021567330858356104
777, 0.00212395625616682
231, 0.0021093235335818694
602, 0.0020972755992059167
1623, 0.002081295239246661
212, -0.002079070304576658
143, -0.002011386668783477
1055, 0.0020108465446940227
1113, 0.00198016467822687
533, 0.0019725915600843358
257, 0.001955102327420258
397, -0.001945364260532878
1656, 0.0019439764940402116
1764, -0.0019270608253972865
990, 0.0018694811670866285
694, -0.001868758351210184
1120, -0.0017806510947493415
65, 0.0017767851139630364
900, 0.001757001909678535
423, -0.0017304442859739089
721, -0.0017185952469323668
1668, 0.0017095878414051802
1689, 0.001708941460603991
422, -0.001665894229219561
963, 0.0016558507033614944
687, 0.0016461700245469502
517, -0.0016439340572545758
768, 0.0016408174157155342
1750, -0.0016117644969066564
27, 0.0015586587715213235
991, 0.00155341219455582
183, 0.0015532616898600304
1278, 0.0015531224809418598
1169, 0.0015525640105944621
1738, -0.0015490130244601164
1624, -0.0015480145220660851
986, 0.0015199018958273608
215, 0.0015108204853733556
1172, 0.0014832632382298233
1657, 0.0014779819203175684
1669, 0.0014582344474174391
1121, 0.0014506354735373261
349, -0.0014412997040211262
103, 0.001405305458419548
514, 0.0014043318389018733
787, 0.0014032955083934096
1310, -0.0013969602338555903
352, -0.0013940975381347004
1108, -0.001388041497407233
49, 0.0013779628227264112
1124, -0.001318549119272136
475, 0.0013081254357106623
959, -0.0012978918451711507
786, -0.0012961603874362543
987, 0.001291570333163336
1289, 0.0012892837922799938
59, 0.0012859349872490489
402, -0.001284023567833928
145, -0.001261407274233281
377, -0.001257406353183943
46, 0.0012551083474785646
148, 0.0012476059387274696
93, 0.0012333439464416243
1619, 0.0012267072744678725
693, -0.001223886073218397
1170, 0.0012227808789598837
100, 0.001201613426735186
97, -0.0011853874488387886
1162, -0.0011721664205763815
660, 0.0011637752295050319
366, 0.0011636454109213157
168, 0.0011619730894264907
181, 0.001158040140930447
197, 0.0011549737201123692
171, 0.0011458117764143252
867, -0.0011342553238338354
919, 0.001129771451204853
359, 0.0011119212451110652
879, 0.0011012845243315444
912, 0.0010923540732902734
1754, 0.0010828936964664207
958, -0.0010809507153236725
614, 0.0010777611794001926
915, 0.00107459348968586
689, 0.0010474999864729662
470, -0.0010321346009616386
261, 0.0010296248772316552
930, -0.0010269182821562167
709, 0.0010193490074962633
1309, -0.0010117640270113082
1314, -0.0010078107203809195
228, 0.0010047375715447338
920, 0.0009972001154920987
144, 0.000992513879727576
896, 0.0009905548594637409
1125, -0.0009643853935975555
1317, -0.0009446888136201495
1639, 0.0009421995634338043
887, 0.0009367355125794452
543, 0.0009274919892250377
382, -0.0009249410971628319
964, 0.0009194013221125452
883, -0.0009086416486840804
862, 0.0008885070281314314
1014, 0.0008864471289338205
1748, -0.0008839845855687575
390, -0.0008834002425196774
910, -0.0008740830637866681
1033, -0.0008670924361430105
1103, -0.0008658921235530359
1658, -0.0008644183234854247
400, 0.0008618493302213065
403, -0.0008475532954727374
532, -0.0008446280701318448
515, 0.000835098262954477
1277, 0.0008328077691668184
788, -0.0008275841687242075
846, -0.0008247729850730315
769, -0.0008165654206136394
1747, 0.0008162165213939643
210, -0.0008100343512112834
1248, 0.0007972660758673936
847, -0.0007951113052451081
1165, 0.0007906781508237384
703, -0.0007771671311407047
546, -0.0007770509659791314
1243, -0.000775158206030524
401, -0.0007665396874707853
1129, 0.0007629755586798515
1107, -0.0007595412704922491
1242, 0.0007546445557314978
1741, 0.000752324071145824
527, 0.0007444673401437035
1611, 0.0007421652248431262
356, -0.0007413036530435763
1683, 0.0007376877730683878
701, -0.0007337986714037598
1813, 0.0007222525460226503
434, -0.00071545061149135
96, -0.0007132364112603651
989, 0.0007087329909595333
873, 0.0006759441484661469
985, -0.0006718199019939558
898, 0.0006713614502357294
1673, -0.0006712473170786826
418, -0.0006683680630841238
263, -0.0006678786891943789
885, 0.0006668405735395025
2, 0.0006632300727758833
840, 0.0006614270040597101
151, 0.0006512103820823234
1161, -0.000648710480962586
960, -0.0006474471107459356
1135, -0.0006387981525120684
1665, 0.0006233016874973435
358, 0.000619704558461269
899, 0.0006183072404475354
98, 0.0006142495479342577
781, 0.0006130676650401012
783, -0.0006111315405705198
732, -0.000606056213198515
1091, 0.00060463497056229
611, 0.0005969999952060434
187, -0.0005961306770254082
374, 0.0005927788125173056
878, -0.0005859545874833394
1618, -0.0005857439986759957
260, 0.0005785571690741474
346, -0.0005784525408093072
1667, -0.0005701803368845272
1670, -0.0005650190452300557
276, -0.0005647542032474889
962, -0.0005637834867509434
874, -0.0005610031342894312
655, 0.0005577150759225602
1687, -0.0005454326821965963
180, 0.0005384146137788759
1251, 0.0005323672277621205
278, 0.0005313078760932344
258, 0.0005306770206016734
472, -0.0005298504916182376
1641, -0.0005287754990001593
1679, 0.0005285141981075103
394, 0.0005279381735073876
530, 0.0005271082210279443
612, 0.0005270395205464809
784, 0.00052699656147253
92, -0.000518195338731986
1047, -0.0005138624284672377
906, -0.0005098236831080315
852, 0.0005082844999186771
1638, -0.0005080685683445108
1811, -0.0005011813497925455
1175, -0.0005006527709019853
525, -0.0004996258698434855
1006, 0.0004994427537475393
1012, 0.0004905640913280655
1097, -0.0004896604622600387
934, 0.000488129222538769
41, 0.0004856995780890827
273, 0.00047603834474301693
865, 0.0004731769405784403
905, 0.0004696621331501463
1286, 0.0004677095811891352
1293, -0.000466552780746074
662, -0.0004663651759575626
457, 0.0004634122459883164
53, 0.0004633729528042002
139, 0.00046280308894909583
375, -0.00045978511283351065
1745, 0.0004554676342013453
893, -0.0004525707368362303
90, 0.0004520176555796694
484, 0.0004518048059163893
1160, 0.00044658633079527194
1312, 0.0004384898365818596
779, 0.000429306638308178
1625, 0.00042663442655360706
1801, -0.00042325567380898516
1038, 0.00042211762681931483
697, 0.0004188039446791879
1011, -0.0004139189227573073
417, 0.00041289792441071005
416, 0.0004024724781460584
871, -0.0003987570490104203
1678, 0.00039660847429201507
999, -0.0003963055404003282
607, 0.0003956190693663389
541, -0.0003954777027941059
1254, 0.0003939787623224236
901, -0.00038995002115970595
1737, 0.0003839359396685428
1138, -0.00038255587223649107
32, 0.000381077815487664
1042, 0.00038084979477600797
980, 0.0003808090538725273
907, -0.00037305412351273937
1646, 0.00037128445972700597
21, -0.00036293753191036365
1280, 0.00036138746992224816
730, 0.00036061372212180254
1164, 0.0003558183930493994
226, -0.0003528382118381593
1060, 0.00035269333069235485
152, 0.00035128322901280956
481, -0.0003488001447061375
1626, 0.00034777219526561584
1298, 0.0003383580065018446
610, -0.00033786117827846324
518, 0.000328451622842783
767, -0.0003284385290873021
918, 0.0003257568510057138
463, -0.00032563232283566723
654, 0.0003243145089128728
177, -0.0003190877428206895
909, 0.00031832338304787176
1007, -0.0003177165886993679
388, -0.0003170126444000873
350, -0.0003153730242838708
1613, -0.0003152132576156319
967, -0.0003141932841646544
1046, 0.0003130115729876315
270, -0.00031229960935341694
26, 0.00031227343092275067
376, -0.0003116107083490898
178, 0.00031138877640316323
1116, -0.0003107030510869635
921, -0.00030732804328955157
1682, -0.00030701935819042736
1087, 0.0003061698914754822
778, -0.00030240420544675427
1318, -0.0003014079435803476
461, 0.00030061220555710477
483, 0.00029886032056341584
1755, -0.00029802373658747647
583, 0.00029619981911767
1119, 0.00029467527506420524
984, 0.000294466472840451
1080, 0.0002925113667244343
857, 0.0002918272709443205
37, 0.0002911147713318338
265, 0.0002907240711205565
978, -0.00029014696561126437
165, 0.0002886745754350807
1044, 0.000284315542525667
1663, 0.00028343213518860176
1622, 0.0002833968641781752
776, 0.0002823938660647396
406, -0.00028122580521319773
351, -0.0002808630701233994
856, -0.00027926778971118504
1010, -0.0002789184653429616
1644, -0.00027782518673673956
1766, 0.00027650569490540386
411, 0.0002749737097973437
743, -0.00027241811149616817
142, 0.0002706961835786583
1168, -0.0002687724871971997
462, 0.00026834389833950596
1749, 0.00026794715080202466
1117, 0.0002671644668668649
952, 0.00026675772150094347
1208, -0.000265455201520267
99, 0.00026513052872904896
353, 0.0002647835902459261
973, -0.00026072168618978403
473, -0.00025707221568663924
500, -0.00025611212371525957
615, -0.00025491963682029023
1303, 0.0002510337562619258
1285, 0.0002508556176355741
42, 0.0002495751749794009
529, 0.00024820367823809135
536, -0.00024786809720569493
1664, 0.0002451409010267025
1001, -0.0002444278412695091
345, 0.0002414835953297549
600, 0.00024043686606455006
184, 0.00023939724825338717
1163, 0.00023713345023317935
542, -0.00023554413194045408
396, 0.0002353332303390611
408, -0.00023484106298488072
1002, -0.0002324491251125549
17, 0.00023167581558779845
531, -0.00023077077023909466
1053, -0.0002290032563522556
1282, -0.00022821786752157125
468, 0.0002253264504368021
1221, 0.00022321948237052653
890, 0.00022314328249745108
609, 0.00022308721993135466
195, -0.00022275772673194943
384, -0.0002223230722026813
601, 0.00022025506520974292
1760, 0.0002193656176065293
1133, -0.00021885356224992346
1290, 0.00021863188451198313
1715, 0.00021673021798564174
725, 0.00021567445311915928
606, 0.00021500340081439043
545, -0.0002149310456855194
839, -0.0002131617136571333
1036, -0.00021283884199095257
395, 0.00021254356104186134
882, -0.00021153465410470897
538, -0.00021111651859167385
344, 0.00020726980756680807
393, 0.0002042937713667807
348, -0.00020393401360970127
1217, -0.0002027993988595947
965, -0.00020237554463756538
649, 0.0002021566547014044
929, 0.0001984042617168419
1134, 0.00019831851373560729
192, 0.00019539057510216049
199, 0.00019533455165401947
1252, -0.00019448727659820975
914, 0.0001929756089696158
842, -0.0001929229278750319
471, 0.00019287453660858656
1635, -0.0001924861562969029
715, -0.000192260330071364
521, -0.00019211506351974814
1085, 0.0001915126291889696
219, -0.000191209802817921
931, -0.00019062400626612686
1740, -0.00018866600539699935
479, -0.00018793678640584288
854, 0.00018564389099237286
1246, 0.0001853385142700937
431, -0.00018504330049438217
791, -0.00018354564361925882
605, 0.00018153526561680896
1035, -0.000181095149221348
773, -0.0001795248588842488
1174, -0.00017903596974449924
1630, -0.00017879605235110452
379, -0.0001784718840504556
91, 0.000177700147085404
738, -0.00017721244450034923
1112, 0.00017667161210569837
1086, -0.0001760674670206637
696, 0.0001743863200543757
979, -0.00017371899250729402
329, 0.0001735888674969776
904, 0.00017311476844166732
200, -0.00017072601722285807
1717, 0.00016906923664943355
657, -0.00016725711035349422
1759, 0.00016711961332113723
711, 0.00016657252847426807
146, 0.0001645955326622199
347, -0.00016360717515912122
271, 0.0001624969282543326
578, -0.0001619783809553993
580, -0.00015867482119735765
853, 0.0001582400077264623
163, -0.00015668646435397504
1297, -0.00015566198677074636
1671, 0.00015341928214082298
1642, 0.00015290105747501823
279, 0.00015257680708954252
1677, 0.00015147389125384422
658, 0.00015099955241484192
1061, 0.00015072463007108697
782, 0.00014957915834995505
1223, 0.00014775590627525738
1054, -0.0001472645014526583
272, 0.0001463872948831036
1294, 0.00014562485387652375
1037, 0.00014435298612193882
706, 0.00014401297343872785
954, -0.00014155389035767907
465, -0.00013845103512779254
160, -0.00013812099298860132
385, -0.0001375407916683162
1616, -0.0001348601612838696
166, 0.00013353633352357862
339, 0.00013103287499130825
399, -0.00013036949137695125
832, 0.00012922046538976946
983, -0.00012904069331591377
926, -0.0001283203401631107
1797, 0.00012745998449530116
1003, 0.00012701306553342638
1040, 0.0001247024391851188
267, 0.0001243572836187
1805, -0.00012399087322160184
392, 0.00012373370007496415
1709, 0.0001230712032950776
1240, 0.00012293375658176814
1063, -0.00012249599913753684
161, -0.00012096739420078967
1043, -0.0001207815490503368
659, -0.00012000887639676897
467, -0.00011917026933751934
1705, 0.00011891190432868244
1050, 0.00011839396530845606
970, 0.00011686488247971902
57, 0.00011580409991062551
698, -0.00011572048911949722
1650, -0.00011336729798577718
922, 0.00011332398893321334
1104, -0.00011237789792857208
274, 0.00011178997000702191
248, 0.00011156441179644046
456, 0.00011131301358429865
1681, 0.00011128481716999759
1313, -0.00011103966670642125
494, -0.00011005633686054367
1058, -0.00010985773192156685
1674, -0.00010924223799490575
1609, 0.00010841031875218413
1114, 0.0001080092233822598
1041, 0.00010748482432020208
1810, 0.0001067594663147417
340, 0.00010640042046731503
1034, 0.00010554955545557208
550, -0.00010545640876144513
573, -0.00010474750574380326
1247, -0.00010450200263550924
458, -0.00010423106277021327
582, -0.00010413391385378883
335, -0.00010349572348456685
969, -0.00010315582900149393
1743, -0.00010129850459165198
1057, -0.00010064223322268744
855, 9.970248259061516e-05
1167, 9.695921261331647e-05
886, 9.643103507296332e-05
785, -9.616138737569488e-05
464, 9.532152151112486e-05
1299, 9.443591040689953e-05
880, -9.23010708833126e-05
1608, 9.209221397896237e-05
1128, 9.166590502066464e-05
1081, 8.877440997043934e-05
386, 8.746258466155177e-05
1300, -8.710483567196149e-05
167, -8.709930278774994e-05
147, 8.674903183457719e-05
569, -8.655755580205295e-05
1702, 8.635056455186078e-05
763, 8.535491306650104e-05
1106, -8.532092430442104e-05
1000, 8.495060884610925e-05
875, -8.471036474366062e-05
881, -8.423077253738587e-05
1082, 8.35577483869498e-05
140, 8.323953481354385e-05
1052, 8.300644707884622e-05
509, 8.235726427795187e-05
189, 8.037278668169678e-05
734, 8.035233813277363e-05
1652, 8.026577963537573e-05
398, -8.007755635749351e-05
902, -7.835727715929316e-05
995, 7.814768021302196e-05
739, 7.79587558900419e-05
1008, 7.770978828073975e-05
1281, 7.756379671267294e-05
170, 7.746380100658121e-05
1655, -7.634909487976363e-05
1094, -7.5837983956311e-05
539, -7.563315487897453e-05
1013, 7.491920306264797e-05
162, 7.491571092043976e-05
1700, 7.483473158911846e-05
1126, -7.46247084304286e-05
1288, -7.436674261403946e-05
841, 7.363858789551049e-05
827, -7.257861696832214e-05
1690, -7.252790852048819e-05
1255, 7.171232724731327e-05
1714, 7.169431037764174e-05
579, -7.153100482768264e-05
1118, 7.089853343944779e-05
1808, -7.078406716425761e-05
535, 7.020820114107861e-05
1649, 6.985883730599267e-05
230, 6.852066858889375e-05
415, -6.838059460968684e-05
78, 6.770895304492649e-05
435, 6.72230436353869e-05
1291, -6.713720581499709e-05
1648, -6.645123414281964e-05
544, -6.476628454968499e-05
1666, 6.457694840957592e-05
1699, -6.320728938942217e-05
194, 6.281981988184165e-05
1703, -6.156528170551349e-05
1785, 6.133236882564612e-05
264, -6.048631455937009e-05
10, -6.007148749931357e-05
1691, -5.982051630241611e-05
1684, 5.95332457234499e-05
1661, -5.922517220327463e-05
707, -5.8414048700806964e-05
1083, 5.827205965731972e-05
1645, 5.7993475966776516e-05
39, 5.731822677788401e-05
186, 5.690169447197541e-05
548, 5.670620834103551e-05
872, -5.603218147957542e-05
1672, -5.5732657650241733e-05
608, -5.532664799770288e-05
961, -5.520081689584788e-05
1140, -5.444809622640479e-05
537, -5.344679893441815e-05
24, -5.315891673352653e-05
1220, -5.289454025011412e-05
1796, -5.2875020687682874e-05
1806, 5.189953821048204e-05
1092, 5.186620706346687e-05
1698, -5.095786752523342e-05
1697, 5.089738087382667e-05
158, -5.0812151457131464e-05
251, -5.080425952139851e-05
1089, 5.079823845364172e-05
1039, -5.0754011191873026e-05
369, 5.0706215721478196e-05
1807, 5.061007373901487e-05
648, 5.049303447887503e-05
528, -5.003833497896175e-05
523, 4.9969900462291505e-05
976, 4.983550613242918e-05
1675, 4.950316936053016e-05
1136, -4.916460430664832e-05
1319, 4.9130945126166226e-05
568, -4.903943196607301e-05
1123, 4.8558072255200715e-05
1812, -4.7436033846800455e-05
972, -4.720164484902853e-05
731, -4.719454968055668e-05
1093, -4.6804091425843575e-05
834, 4.658697463565467e-05
1653, -4.657768272050915e-05
653, -4.653437275870236e-05
58, -4.644889294955668e-05
833, 4.639932286357434e-05
218, 4.617799511975537e-05
534, -4.565954098814055e-05
877, -4.5506648459417084e-05
1713, 4.488840739927955e-05
1809, 4.4696203308954626e-05
971, -4.4674105617187494e-05
153, -4.467378020552785e-05
1088, -4.425980805332331e-05
1688, -4.3902708838907886e-05
503, -4.385775855395013e-05
333, 4.320181986512358e-05
179, -4.305643953582752e-05
193, -4.203317481411492e-05
269, -4.174979899089319e-05
8, 4.1400371931054995e-05
1166, -4.138955782629055e-05
1115, -4.101489414561066e-05
1296, 4.077676475004906e-05
683, -3.996677352046882e-05
1139, 3.9922924231091794e-05
224, -3.955036070378386e-05
1693, -3.91747470862363e-05
650, 3.834457741250198e-05
61, 3.8275677586869367e-05
576, 3.774809668730724e-05
1062, 3.737307039512598e-05
85, 3.667309135649364e-05
5, 3.659234564105159e-05
451, -3.5957929325840764e-05
1802, 3.561930447582712e-05
656, 3.5523758726095384e-05
733, -3.5259464422759956e-05
913, 3.4888533636584854e-05
705, -3.482210171192003e-05
217, -3.391039552791148e-05
977, -3.39014244960501e-05
1059, 3.3448297322819735e-05
1640, 3.2997797221054684e-05
522, -3.249431639205935e-05
1130, 3.173368743632026e-05
1758, -3.16983332983062e-05
1101, -3.154802564354583e-05
981, -3.063376682278622e-05
48, -2.9207554951444017e-05
1706, -2.911668158867009e-05
1718, -2.9046324193933003e-05
1803, 2.8618774819629575e-05
547, 2.810692928276637e-05
511, 2.8036996543520827e-05
268, 2.7431297799617935e-05
1711, -2.7383999013977627e-05
1744, -2.713070365669562e-05
728, 2.685658016152409e-05
342, 2.6672814696539985e-05
1789, -2.6471037910730244e-05
975, -2.646272896178882e-05
577, -2.6179941551215773e-05
1111, -2.6150774731639043e-05
1105, 2.5744032750074208e-05
1137, -2.5304577864863897e-05
1793, 2.49875019040207e-05
80, -2.4848513253601895e-05
331, -2.4734150235928946e-05
138, -2.4728852152224772e-05
1302, -2.4493533703680856e-05
391, 2.4325979596163255e-05
780, 2.3964018966491805e-05
708, 2.310747943456721e-05
826, -2.3056425552045456e-05
445, 2.2914664098826784e-05
1056, -2.286087444310547e-05
916, -2.2783470085488726e-05
1647, -2.2032251104168446e-05
903, 2.1720985300279004e-05
830, -2.0800234370186958e-05
1005, 2.0700843109264493e-05
502, 2.038132888710774e-05
410, -2.019426780937978e-05
1659, -1.9869361089524e-05
1095, -1.9664514623575708e-05
824, 1.9260579618802717e-05
1695, 1.92589812526904e-05
1218, 1.924465734930202e-05
651, 1.8766221808352206e-05
982, 1.816058394942953e-05
1032, -1.783062821757251e-05
652, 1.7578976685236024e-05
894, 1.725325398806328e-05
1716, 1.7148587502944222e-05
1804, -1.6472094580615164e-05
203, -1.6402214277620166e-05
825, -1.6367016572388956e-05
1651, 1.625394211531375e-05
1096, 1.5735291932896596e-05
83, 1.5616892381869335e-05
1127, 1.5548510080355335e-05
831, -1.5476614094141368e-05
829, 1.4887539186862146e-05
328, 1.4551635595955333e-05
15, 1.4168824068423042e-05
155, -1.4137222972398361e-05
141, -1.3966900336266066e-05
1676, 1.3964674176442581e-05
1767, 1.3962797552750147e-05
73, -1.3938521215897171e-05
704, 1.3614082388641166e-05
82, 1.3555661737219872e-05
1752, 1.3416337965432964e-05
524, 1.3386205794297616e-05
1696, -1.334240435080106e-05
1287, 1.3062634520503297e-05
330, -1.302230628443435e-05
1643, 1.2420237312519644e-05
88, 1.2375923987327855e-05
86, 1.2346408363188635e-05
94, -1.2332030785870479e-05
520, -1.2139247591219648e-05
72, -1.1911469691333002e-05
1048, 1.1904869293162274e-05
438, 1.1809260179548257e-05
1680, 1.135644968594708e-05
413, -1.1340262283717623e-05
702, 1.0772955380516924e-05
223, -1.0222083284515567e-05
993, -1.0168318808843435e-05
836, -1.0070715119278617e-05
63, 9.991855738188636e-06
1211, 9.973354079661676e-06
1051, -9.92225301445107e-06
1794, 9.576458338495268e-06
516, 9.498368675688214e-06
1814, -8.84404910917293e-06
700, -8.82424193194973e-06
1686, 8.81292362216895e-06
957, -8.709070784340819e-06
441, -8.66358415847865e-06
884, 8.346221615904777e-06
337, 7.512154899154584e-06
510, 7.350969621704477e-06
336, 7.1266762500651545e-06
81, -7.004702312518596e-06
699, 6.914695616817845e-06
1712, -6.838170199101616e-06
729, 6.793720888202378e-06
1654, -6.575863604523272e-06
1795, 6.5686561032650154e-06
222, 6.4424077429492985e-06
603, 6.3979655418121935e-06
974, -6.2342961623466355e-06
1798, -6.201863704409239e-06
1800, -5.857740242247011e-06
570, 5.807142936589628e-06
1786, 5.589528700400046e-06
1049, -5.580172754427717e-06
454, -5.563213590495213e-06
663, 5.49815795450586e-06
504, -5.475796166093676e-06
221, 4.9942549162841805e-06
1662, 4.971880629686893e-06
185, -4.883510924998558e-06
266, -4.669723519167164e-06
459, 4.494935882341637e-06
449, -4.335717756969153e-06
838, 4.286755296684401e-06
95, 4.276174205308163e-06
227, -4.163966248982797e-06
1295, 4.060113590121641e-06
40, 3.884122221098482e-06
448, -3.766485132856973e-06
512, -3.7629128205908524e-06
137, 3.7276622974648363e-06
1614, 3.645251090742094e-06
740, 3.40839912129029e-06
1292, -3.376614385742886e-06
1792, -3.3408166878266376e-06
136, 3.017984889152074e-06
507, -2.8762436843181305e-06
908, -2.5426290384207616e-06
75, 2.36536307007644e-06
453, 2.3314403560198253e-06
360, 2.2100127041293008e-06
835, 1.8985460503705029e-06
190, 1.760598653642321e-06
87, 1.586122958705861e-06
1791, -1.434275000731944e-06
487, -1.3879855515138651e-06
89, 1.335280094976699e-06
1694, 1.3107002078223873e-06
710, -1.2676537645056187e-06
1815, -1.2345176015916555e-06
581, -1.1910887392919522e-06
334, -1.1792674621781613e-06
1098, 1.1736601086323169e-06
574, -1.0875665945725275e-06
488, 1.0514728458505419e-06
442, -1.0217544959920872e-06
452, 6.278118081780766e-07
526, 5.785968457592237e-07
506, -4.366803313191742e-07
497, 3.625970749950883e-07
447, 2.565722484643455e-07
968, -2.086310622789214e-07
450, -1.0703074691926318e-07
1927, 0.0
370, 0.0
1896, 0.0
1929, 0.0
1928, 0.0
1946, 0.0
1947, 0.0
383, 0.0
1934, 0.0
1948, 0.0
1944, 0.0
1898, 0.0
1899, 0.0
381, 0.0
1949, 0.0
1900, 0.0
1901, 0.0
1945, 0.0
1930, 0.0
1935, 0.0
1943, 0.0
1933, 0.0
1936, 0.0
1932, 0.0
1902, 0.0
373, 0.0
1937, 0.0
1938, 0.0
1939, 0.0
378, 0.0
1940, 0.0
371, 0.0
1941, 0.0
1931, 0.0
1897, 0.0
1942, 0.0
1954, 0.0
1905, 0.0
1903, 0.0
1909, 0.0
443, 0.0
1913, 0.0
440, 0.0
439, 0.0
1912, 0.0
1895, 0.0
424, 0.0
1908, 0.0
436, 0.0
425, 0.0
1914, 0.0
1910, 0.0
426, 0.0
433, 0.0
432, 0.0
427, 0.0
428, 0.0
1911, 0.0
1950, 0.0
429, 0.0
444, 0.0
1915, 0.0
460, 0.0
1922, 0.0
1926, 0.0
1904, 0.0
430, 0.0
1925, 0.0
1906, 0.0
1953, 0.0
1924, 0.0
1952, 0.0
1923, 0.0
1951, 0.0
446, 0.0
455, 0.0
412, 0.0
1907, 0.0
1921, 0.0
1920, 0.0
1919, 0.0
1918, 0.0
1917, 0.0
1916, 0.0
380, 0.0
501, 0.0
1894, 0.0
1893, 0.0
1838, 0.0
584, 0.0
585, 0.0
586, 0.0
587, 0.0
588, 0.0
589, 0.0
590, 0.0
591, 0.0
592, 0.0
593, 0.0
594, 0.0
595, 0.0
596, 0.0
597, 0.0
1839, 0.0
1840, 0.0
1841, 0.0
567, 0.0
561, 0.0
562, 0.0
563, 0.0
564, 0.0
565, 0.0
566, 0.0
1846, 0.0
1842, 0.0
1845, 0.0
571, 0.0
572, 0.0
1844, 0.0
575, 0.0
1843, 0.0
598, 0.0
599, 0.0
1837, 0.0
627, 0.0
621, 0.0
622, 0.0
623, 0.0
624, 0.0
625, 0.0
626, 0.0
628, 0.0
619, 0.0
629, 0.0
630, 0.0
631, 0.0
632, 0.0
633, 0.0
634, 0.0
620, 0.0
618, 0.0
1836, 0.0
1829, 0.0
1835, 0.0
1834, 0.0
1833, 0.0
1832, 0.0
1831, 0.0
1830, 0.0
1828, 0.0
617, 0.0
1827, 0.0
1826, 0.0
1825, 0.0
1824, 0.0
1823, 0.0
616, 0.0
560, 0.0
559, 0.0
558, 0.0
499, 0.0
492, 0.0
493, 0.0
1878, 0.0
495, 0.0
496, 0.0
498, 0.0
1877, 0.0
490, 0.0
1876, 0.0
505, 0.0
508, 0.0
1875, 0.0
513, 0.0
1874, 0.0
491, 0.0
489, 0.0
1872, 0.0
1887, 0.0
1892, 0.0
1891, 0.0
1890, 0.0
1889, 0.0
476, 0.0
1888, 0.0
1886, 0.0
1879, 0.0
1885, 0.0
1884, 0.0
1883, 0.0
1882, 0.0
1881, 0.0
1880, 0.0
1873, 0.0
1871, 0.0
557, 0.0
549, 0.0
1853, 0.0
1852, 0.0
1851, 0.0
1850, 0.0
1849, 0.0
1848, 0.0
1847, 0.0
540, 0.0
551, 0.0
552, 0.0
553, 0.0
554, 0.0
555, 0.0
556, 0.0
1854, 0.0
1855, 0.0
519, 0.0
1864, 0.0
1870, 0.0
1869, 0.0
1868, 0.0
1867, 0.0
1866, 0.0
1865, 0.0
1863, 0.0
1856, 0.0
1862, 0.0
1861, 0.0
1860, 0.0
1859, 0.0
1858, 0.0
1857, 0.0
1955, 0.0
1364, 0.0
368, 0.0
120, 0.0
122, 0.0
123, 0.0
124, 0.0
125, 0.0
126, 0.0
127, 0.0
128, 0.0
129, 0.0
130, 0.0
131, 0.0
132, 0.0
133, 0.0
134, 0.0
135, 0.0
2059, 0.0
2058, 0.0
2057, 0.0
121, 0.0
119, 0.0
2064, 0.0
118, 0.0
2062, 0.0
2061, 0.0
2060, 0.0
104, 0.0
105, 0.0
106, 0.0
107, 0.0
108, 0.0
109, 0.0
110, 0.0
111, 0.0
112, 0.0
113, 0.0
114, 0.0
115, 0.0
116, 0.0
117, 0.0
2056, 0.0
2055, 0.0
2054, 0.0
2053, 0.0
2037, 0.0
169, 0.0
2036, 0.0
2035, 0.0
172, 0.0
173, 0.0
174, 0.0
175, 0.0
176, 0.0
2034, 0.0
2033, 0.0
2032, 0.0
2031, 0.0
2030, 0.0
2029, 0.0
2028, 0.0
2027, 0.0
2038, 0.0
2039, 0.0
2040, 0.0
154, 0.0
2052, 0.0
2051, 0.0
2050, 0.0
2049, 0.0
2048, 0.0
2047, 0.0
2046, 0.0
156, 0.0
164, 0.0
157, 0.0
2045, 0.0
159, 0.0
2044, 0.0
2043, 0.0
2042, 0.0
2041, 0.0
2063, 0.0
2065, 0.0
2025, 0.0
2103, 0.0
23, 0.0
2101, 0.0
2100, 0.0
2099, 0.0
2098, 0.0
2097, 0.0
29, 0.0
2096, 0.0
2095, 0.0
2094, 0.0
2093, 0.0
2092, 0.0
35, 0.0
2091, 0.0
2090, 0.0
38, 0.0
2089, 0.0
2102, 0.0
2104, 0.0
2066, 0.0
2105, 0.0
2117, 0.0
2116, 0.0
2115, 0.0
2114, 0.0
2113, 0.0
6, 0.0
7, 0.0
2112, 0.0
2111, 0.0
2110, 0.0
2109, 0.0
2108, 0.0
2107, 0.0
14, 0.0
16, 0.0
2106, 0.0
18, 0.0
2088, 0.0
2087, 0.0
43, 0.0
2086, 0.0
67, 0.0
2074, 0.0
69, 0.0
70, 0.0
71, 0.0
74, 0.0
76, 0.0
77, 0.0
2073, 0.0
79, 0.0
84, 0.0
2072, 0.0
2071, 0.0
2070, 0.0
2069, 0.0
2068, 0.0
2067, 0.0
66, 0.0
2075, 0.0
64, 0.0
2081, 0.0
45, 0.0
2085, 0.0
47, 0.0
2084, 0.0
50, 0.0
2083, 0.0
2082, 0.0
54, 0.0
62, 0.0
55, 0.0
56, 0.0
2080, 0.0
2079, 0.0
2078, 0.0
2077, 0.0
2076, 0.0
2026, 0.0
188, 0.0
367, 0.0
300, 0.0
302, 0.0
303, 0.0
304, 0.0
305, 0.0
306, 0.0
307, 0.0
308, 0.0
309, 0.0
310, 0.0
311, 0.0
312, 0.0
313, 0.0
314, 0.0
315, 0.0
316, 0.0
317, 0.0
318, 0.0
301, 0.0
299, 0.0
1978, 0.0
298, 0.0
281, 0.0
282, 0.0
283, 0.0
284, 0.0
285, 0.0
286, 0.0
287, 0.0
288, 0.0
289, 0.0
290, 0.0
291, 0.0
292, 0.0
293, 0.0
294, 0.0
295, 0.0
296, 0.0
297, 0.0
319, 0.0
320, 0.0
321, 0.0
322, 0.0
1967, 0.0
1966, 0.0
1965, 0.0
1964, 0.0
1963, 0.0
1962, 0.0
1961, 0.0
1960, 0.0
1959, 0.0
1958, 0.0
1957, 0.0
361, 0.0
362, 0.0
363, 0.0
364, 0.0
365, 0.0
1956, 0.0
1968, 0.0
1969, 0.0
1970, 0.0
1976, 0.0
323, 0.0
324, 0.0
325, 0.0
326, 0.0
327, 0.0
1977, 0.0
332, 0.0
1975, 0.0
1971, 0.0
338, 0.0
1974, 0.0
1973, 0.0
341, 0.0
636, 0.0
343, 0.0
1972, 0.0
280, 0.0
1979, 0.0
2024, 0.0
211, 0.0
2011, 0.0
214, 0.0
2010, 0.0
2009, 0.0
2008, 0.0
2007, 0.0
2006, 0.0
220, 0.0
2005, 0.0
2004, 0.0
2003, 0.0
2002, 0.0
2001, 0.0
2000, 0.0
1999, 0.0
232, 0.0
233, 0.0
2012, 0.0
2013, 0.0
1980, 0.0
2014, 0.0
191, 0.0
2023, 0.0
2022, 0.0
2021, 0.0
2020, 0.0
2019, 0.0
2018, 0.0
2017, 0.0
2016, 0.0
2015, 0.0
201, 0.0
202, 0.0
204, 0.0
205, 0.0
206, 0.0
207, 0.0
208, 0.0
234, 0.0
235, 0.0
236, 0.0
237, 0.0
1995, 0.0
259, 0.0
1994, 0.0
1993, 0.0
262, 0.0
1992, 0.0
1991, 0.0
1990, 0.0
1989, 0.0
1988, 0.0
1987, 0.0
1986, 0.0
1985, 0.0
1984, 0.0
1983, 0.0
1982, 0.0
1981, 0.0
1996, 0.0
256, 0.0
255, 0.0
245, 0.0
238, 0.0
239, 0.0
240, 0.0
241, 0.0
242, 0.0
243, 0.0
244, 0.0
246, 0.0
254, 0.0
247, 0.0
1998, 0.0
249, 0.0
250, 0.0
1997, 0.0
252, 0.0
253, 0.0
635, 0.0
682, 0.0
637, 0.0
1149, 0.0
1142, 0.0
1143, 0.0
1144, 0.0
1145, 0.0
1146, 0.0
1147, 0.0
1148, 0.0
1150, 0.0
1431, 0.0
1151, 0.0
1152, 0.0
1153, 0.0
1154, 0.0
1155, 0.0
1156, 0.0
1157, 0.0
1141, 0.0
1432, 0.0
1159, 0.0
1440, 0.0
1447, 0.0
1446, 0.0
1445, 0.0
1444, 0.0
1443, 0.0
1442, 0.0
1441, 0.0
1439, 0.0
1433, 0.0
1438, 0.0
1131, 0.0
1132, 0.0
1437, 0.0
1436, 0.0
1435, 0.0
1434, 0.0
1158, 0.0
1430, 0.0
1449, 0.0
1189, 0.0
1182, 0.0
1183, 0.0
1184, 0.0
1185, 0.0
1186, 0.0
1187, 0.0
1188, 0.0
1190, 0.0
1180, 0.0
1191, 0.0
1192, 0.0
1193, 0.0
1194, 0.0
1195, 0.0
1196, 0.0
1197, 0.0
1181, 0.0
1179, 0.0
1429, 0.0
1421, 0.0
1428, 0.0
1427, 0.0
1426, 0.0
1425, 0.0
1424, 0.0
1423, 0.0
1422, 0.0
1420, 0.0
1178, 0.0
1419, 0.0
1418, 0.0
1417, 0.0
1416, 0.0
1415, 0.0
1176, 0.0
1177, 0.0
1448, 0.0
1450, 0.0
638, 0.0
1477, 0.0
1483, 0.0
1482, 0.0
1481, 0.0
1480, 0.0
1479, 0.0
1478, 0.0
2118, 0.0
1476, 0.0
1485, 0.0
1475, 0.0
1474, 0.0
1064, 0.0
1065, 0.0
1066, 0.0
1067, 0.0
1068, 0.0
1484, 0.0
1486, 0.0
1070, 0.0
1496, 0.0
1028, 0.0
1029, 0.0
1030, 0.0
1031, 0.0
1499, 0.0
1498, 0.0
1497, 0.0
1495, 0.0
1487, 0.0
1494, 0.0
1493, 0.0
1492, 0.0
1491, 0.0
1490, 0.0
1489, 0.0
1488, 0.0
1069, 0.0
1071, 0.0
1451, 0.0
1458, 0.0
1462, 0.0
1461, 0.0
1460, 0.0
1099, 0.0
1100, 0.0
1102, 0.0
1459, 0.0
1457, 0.0
1464, 0.0
1456, 0.0
1455, 0.0
1109, 0.0
1110, 0.0
1454, 0.0
1453, 0.0
1452, 0.0
1463, 0.0
1090, 0.0
1072, 0.0
1473, 0.0
1073, 0.0
1074, 0.0
1075, 0.0
1076, 0.0
1077, 0.0
1078, 0.0
1079, 0.0
1472, 0.0
1465, 0.0
1471, 0.0
1470, 0.0
1084, 0.0
1469, 0.0
1468, 0.0
1467, 0.0
1466, 0.0
1198, 0.0
1199, 0.0
1200, 0.0
1368, 0.0
1307, 0.0
1308, 0.0
1372, 0.0
1371, 0.0
1311, 0.0
1370, 0.0
1369, 0.0
1315, 0.0
1373, 0.0
1316, 0.0
1367, 0.0
1366, 0.0
1365, 0.0
1320, 0.0
1321, 0.0
1322, 0.0
1306, 0.0
1304, 0.0
1324, 0.0
1383, 0.0
1283, 0.0
1284, 0.0
1388, 0.0
1387, 0.0
1386, 0.0
1385, 0.0
1384, 0.0
1382, 0.0
1374, 0.0
1381, 0.0
1380, 0.0
1379, 0.0
1378, 0.0
1377, 0.0
1376, 0.0
1375, 0.0
1323, 0.0
1325, 0.0
1201, 0.0
1354, 0.0
1347, 0.0
1348, 0.0
1349, 0.0
1350, 0.0
1351, 0.0
1352, 0.0
1353, 0.0
1355, 0.0
1345, 0.0
1356, 0.0
1357, 0.0
1358, 0.0
1359, 0.0
1360, 0.0
1361, 0.0
1362, 0.0
1346, 0.0
1344, 0.0
1326, 0.0
1334, 0.0
1327, 0.0
1328, 0.0
1329, 0.0
1330, 0.0
1331, 0.0
1332, 0.0
1333, 0.0
1335, 0.0
1343, 0.0
1336, 0.0
1337, 0.0
1338, 0.0
1339, 0.0
1340, 0.0
1341, 0.0
1342, 0.0
1389, 0.0
1390, 0.0
1391, 0.0
1231, 0.0
1224, 0.0
1225, 0.0
1226, 0.0
1227, 0.0
1228, 0.0
1229, 0.0
1230, 0.0
1232, 0.0
1222, 0.0
1233, 0.0
1234, 0.0
1235, 0.0
1236, 0.0
1237, 0.0
1238, 0.0
1239, 0.0
1410, 0.0
1411, 0.0
1279, 0.0
1209, 0.0
1202, 0.0
1203, 0.0
1204, 0.0
1205, 0.0
1206, 0.0
1207, 0.0
1414, 0.0
1210, 0.0
1412, 0.0
1212, 0.0
1213, 0.0
1214, 0.0
1215, 0.0
1216, 0.0
1413, 0.0
1219, 0.0
1409, 0.0
1408, 0.0
1407, 0.0
1270, 0.0
1263, 0.0
1264, 0.0
1265, 0.0
1266, 0.0
1267, 0.0
1268, 0.0
1269, 0.0
1271, 0.0
1406, 0.0
1272, 0.0
1394, 0.0
1274, 0.0
1275, 0.0
1276, 0.0
1393, 0.0
1392, 0.0
1262, 0.0
1261, 0.0
1260, 0.0
1259, 0.0
1244, 0.0
1405, 0.0
1404, 0.0
1403, 0.0
1402, 0.0
1401, 0.0
1400, 0.0
1399, 0.0
1398, 0.0
1397, 0.0
1396, 0.0
1395, 0.0
1256, 0.0
1257, 0.0
1258, 0.0
1027, 0.0
1026, 0.0
1025, 0.0
1731, 0.0
1735, 0.0
1734, 0.0
1733, 0.0
770, 0.0
771, 0.0
772, 0.0
1732, 0.0
775, 0.0
765, 0.0
1730, 0.0
1729, 0.0
1728, 0.0
1727, 0.0
1726, 0.0
1725, 0.0
1724, 0.0
766, 0.0
764, 0.0
1722, 0.0
754, 0.0
747, 0.0
748, 0.0
749, 0.0
750, 0.0
751, 0.0
752, 0.0
753, 0.0
755, 0.0
1736, 0.0
756, 0.0
757, 0.0
758, 0.0
759, 0.0
760, 0.0
761, 0.0
762, 0.0
1723, 0.0
1721, 0.0
837, 0.0
818, 0.0
811, 0.0
812, 0.0
813, 0.0
814, 0.0
815, 0.0
816, 0.0
817, 0.0
819, 0.0
809, 0.0
820, 0.0
821, 0.0
822, 0.0
823, 0.0
828, 0.0
1710, 0.0
1708, 0.0
810, 0.0
808, 0.0
1720, 0.0
798, 0.0
1719, 0.0
792, 0.0
793, 0.0
794, 0.0
795, 0.0
796, 0.0
797, 0.0
799, 0.0
807, 0.0
800, 0.0
801, 0.0
802, 0.0
803, 0.0
804, 0.0
805, 0.0
806, 0.0
746, 0.0
745, 0.0
744, 0.0
674, 0.0
667, 0.0
668, 0.0
669, 0.0
670, 0.0
671, 0.0
672, 0.0
673, 0.0
675, 0.0
665, 0.0
676, 0.0
677, 0.0
678, 0.0
679, 0.0
680, 0.0
681, 0.0
1363, 0.0
666, 0.0
664, 0.0
1739, 0.0
646, 0.0
639, 0.0
640, 0.0
641, 0.0
642, 0.0
643, 0.0
644, 0.0
645, 0.0
647, 0.0
1799, 0.0
1822, 0.0
1821, 0.0
1820, 0.0
1819, 0.0
1818, 0.0
1817, 0.0
1816, 0.0
684, 0.0
685, 0.0
686, 0.0
727, 0.0
1777, 0.0
1776, 0.0
722, 0.0
723, 0.0
724, 0.0
1775, 0.0
1774, 0.0
1773, 0.0
690, 0.0
1772, 0.0
1771, 0.0
1770, 0.0
1769, 0.0
1768, 0.0
1751, 0.0
1742, 0.0
1778, 0.0
718, 0.0
717, 0.0
716, 0.0
691, 0.0
692, 0.0
695, 0.0
1790, 0.0
1788, 0.0
1787, 0.0
1784, 0.0
1783, 0.0
1782, 0.0
1781, 0.0
1780, 0.0
712, 0.0
713, 0.0
714, 0.0
1779, 0.0
1707, 0.0
1704, 0.0
1024, 0.0
1537, 0.0
1544, 0.0
1543, 0.0
1542, 0.0
1541, 0.0
1540, 0.0
1539, 0.0
1538, 0.0
1536, 0.0
1546, 0.0
1535, 0.0
1534, 0.0
1533, 0.0
1532, 0.0
1531, 0.0
1530, 0.0
1529, 0.0
1545, 0.0
1547, 0.0
1527, 0.0
947, 0.0
940, 0.0
941, 0.0
942, 0.0
943, 0.0
944, 0.0
945, 0.0
946, 0.0
948, 0.0
956, 0.0
949, 0.0
950, 0.0
951, 0.0
1551, 0.0
1550, 0.0
1549, 0.0
1548, 0.0
1528, 0.0
1526, 0.0
843, 0.0
1015, 0.0
1505, 0.0
1009, 0.0
1504, 0.0
1503, 0.0
1502, 0.0
1501, 0.0
1500, 0.0
1016, 0.0
1507, 0.0
1017, 0.0
1018, 0.0
1019, 0.0
1020, 0.0
1021, 0.0
1022, 0.0
1023, 0.0
1506, 0.0
1004, 0.0
1525, 0.0
1517, 0.0
1524, 0.0
1523, 0.0
1522, 0.0
1521, 0.0
1520, 0.0
1519, 0.0
1518, 0.0
1516, 0.0
1508, 0.0
1515, 0.0
1514, 0.0
1513, 0.0
1512, 0.0
1511, 0.0
1510, 0.0
1509, 0.0
939, 0.0
938, 0.0
937, 0.0
1590, 0.0
876, 0.0
1596, 0.0
1595, 0.0
1594, 0.0
1593, 0.0
1592, 0.0
1591, 0.0
1589, 0.0
1598, 0.0
1588, 0.0
1587, 0.0
888, 0.0
889, 0.0
1586, 0.0
891, 0.0
892, 0.0
1597, 0.0
1599, 0.0
936, 0.0
860, 0.0
844, 0.0
845, 0.0
1692, 0.0
848, 0.0
849, 0.0
850, 0.0
1660, 0.0
1612, 0.0
1600, 0.0
1607, 0.0
1606, 0.0
1605, 0.0
1604, 0.0
1603, 0.0
1602, 0.0
1601, 0.0
1585, 0.0
895, 0.0
1584, 0.0
927, 0.0
1564, 0.0
1563, 0.0
1562, 0.0
923, 0.0
924, 0.0
1561, 0.0
1560, 0.0
1559, 0.0
897, 0.0
1558, 0.0
1557, 0.0
1556, 0.0
1555, 0.0
1554, 0.0
1553, 0.0
1552, 0.0
1565, 0.0
1566, 0.0
1567, 0.0
1568, 0.0
1583, 0.0
1582, 0.0
1581, 0.0
1580, 0.0
1579, 0.0
1578, 0.0
1577, 0.0
1576, 0.0
1575, 0.0
1574, 0.0
1573, 0.0
1572, 0.0
1571, 0.0
1570, 0.0
1569, 0.0
2119, 0.0
