Hessian ranking (weighted sum * eigenvalue) for model (param idx, rank)
2, 3.590097985434113
10, 2.7684763681609184
878, 2.382896107621491
69, 2.3252483517862856
6, 2.219580087752547
53, 2.158464986132458
26, 2.1467782073887065
18, 2.070182747207582
21, 1.9887843817123212
862, 1.9129370513837785
61, 1.8828929467126727
34, 1.852066754247062
1267, 1.8053804109804332
36, 1.802386086434126
942, 1.7417619069456123
1950, 1.6390686977072164
2078, 1.6390686977072164
1438, 1.6390686977072164
1566, 1.6390686977072164
7, 1.6386764300987124
286, 1.604080585297197
1283, 1.5786226221825927
158, 1.5477296961471438
870, 1.4715335841756314
670, 1.4576664990745485
1822, 1.454743362031877
1310, 1.4515370349399745
869, 1.4331801327643916
885, 1.3965861529577523
58, 1.3852177938388195
857, 1.3247412461787462
1182, 1.2830125372856855
873, 1.2731512326281518
1694, 1.232706415350549
542, 1.2234930356498808
414, 1.1907107430843098
30, 1.1631386810913682
1331, 1.144114884082228
949, 1.1437519516330212
886, 1.126166990667116
798, 1.0825144586560782
103, 1.06645229679998
887, 1.0627415054477751
119, 1.0616723776620347
1038, 1.0580359571613371
937, 1.0548266271362081
1959, 1.0543356640264392
2087, 1.0543356640264392
1447, 1.0543356640264392
1575, 1.0543356640264392
950, 1.0487326118163764
38, 1.040334859630093
884, 1.0152044465066865
295, 1.0129714810173027
50, 1.0010207168525085
679, 0.9819149155518971
25, 0.979953526519239
1831, 0.9766702191554941
1945, 0.962388183164876
2073, 0.962388183164876
1433, 0.962388183164876
1561, 0.962388183164876
1134, 0.9523995819035918
1817, 0.9407152677886188
1305, 0.9406966221285984
45, 0.9300302673946135
871, 0.925237609539181
551, 0.9250939858611673
1054, 0.9201984873507172
1319, 0.8864942305372097
1689, 0.8860686155967414
1655, 0.8839651204179972
153, 0.8814555139979348
1177, 0.8761825915426016
423, 0.8725124858319759
1956, 0.8719381510745734
1444, 0.8719381510745734
1572, 0.8719381510745734
2084, 0.8719381510745734
1191, 0.8707514262059703
2083, 0.867873462033458
1571, 0.867873462033458
1955, 0.867873462033458
1443, 0.867873462033458
163, 0.8628118233755231
880, 0.8482448901049793
409, 0.8456990801496431
931, 0.8452296718023717
1828, 0.8437016142997891
537, 0.8332201694138348
1046, 0.8258704483741894
281, 0.8162480868631974
1059, 0.814470991899725
167, 0.8115768659918103
1316, 0.8112090174108744
1703, 0.8094895726535469
291, 0.8065206282190047
1271, 0.8053414531750605
1045, 0.8008870203047991
675, 0.8001773541618604
665, 0.7997648479649797
951, 0.7991801754105836
165, 0.7987727272557095
1070, 0.7981277648359537
1700, 0.7980374989274424
1957, 0.7972852306556888
2085, 0.7972852306556888
1573, 0.7972852306556888
1445, 0.7972852306556888
293, 0.7910325638949871
926, 0.79019853688078
1574, 0.7895986503572203
1446, 0.7895986503572203
2086, 0.7895986503572203
1958, 0.7895986503572203
1829, 0.7815017681568861
1006, 0.7794993300922215
294, 0.7765591907082126
1318, 0.7729335762851406
677, 0.768989089934621
1188, 0.7679650193313137
1317, 0.766100657521747
874, 0.7650605906965211
549, 0.7642624854343012
1189, 0.758373849093914
1830, 0.7568644572747871
421, 0.7568315045209602
1033, 0.7544715751428157
14, 0.7527460847049952
744, 0.7524965985212475
547, 0.7519934241427109
550, 0.7518394032958895
166, 0.7491585058742203
114, 0.7486661409639055
104, 0.7469027071201708
678, 0.7440741416066885
1701, 0.7395531529327855
1190, 0.73778875276912
422, 0.7370810948777944
676, 0.7344322317803744
1702, 0.7332999001373537
745, 0.7282579294987954
88, 0.7183333939392469
1139, 0.7110730813001283
98, 0.7097208799095824
1287, 0.7071900542359799
292, 0.6894110157045361
1256, 0.6890156227746047
183, 0.6883965523084044
116, 0.6828030461911112
1063, 0.6726103001274168
804, 0.6646289930795319
807, 0.6583336847834289
244, 0.6541969217723818
548, 0.6464680589269847
1719, 0.6452736061764881
1671, 0.6449763794953469
948, 0.6406967362272553
863, 0.6357750266324729
2072, 0.6317599139874801
1944, 0.6317599139874801
1560, 0.6317599139874801
1432, 0.6317599139874801
1060, 0.6308014060487039
935, 0.6265786534640938
1198, 0.6217858383897692
1014, 0.6204941336764023
1272, 0.6196534111513756
164, 0.6196151486947201
1078, 0.619614286813885
1827, 0.6165447200910421
419, 0.6159228902106406
944, 0.6136870547197759
100, 0.6048597693734337
280, 0.5976971739437431
1013, 0.58523220627103
1077, 0.5779743384337053
858, 0.575314607074688
29, 0.5753023682627827
920, 0.574335758225061
1187, 0.5740746312949341
558, 0.5732772126793861
1065, 0.571415925223846
803, 0.5630457500228658
864, 0.5629809637321159
1001, 0.5626488896086812
1651, 0.5612262926879339
938, 0.5586990988813341
1562, 0.5583152354229242
2074, 0.5583152354229242
1434, 0.5583152354229242
1946, 0.5583152354229242
1715, 0.5545872326911194
1816, 0.5525861444184557
372, 0.5524136129533872
1133, 0.5513110544998199
420, 0.5490863240556791
932, 0.5437270133370475
1048, 0.5431614140688907
825, 0.5431029920000583
11, 0.5429485386630404
881, 0.534993226028746
894, 0.5346622127108276
1818, 0.5276713762432337
1047, 0.5214119905140251
879, 0.5211077028652653
824, 0.5197531433077529
809, 0.5083888095759903
1128, 0.5081991441547871
1335, 0.5069348450051621
1306, 0.5068761960719712
756, 0.5035437346668914
1640, 0.49955558698275127
664, 0.496810162672773
282, 0.49655505787814036
154, 0.4955666169989854
808, 0.49167774950910825
1690, 0.48994277813471854
1049, 0.48726215516217053
1304, 0.48715210298541933
152, 0.4830261868191883
900, 0.47915583483700175
666, 0.4784311992407311
793, 0.4776296998606995
105, 0.4720460516109597
792, 0.47190701053477824
943, 0.4671573020750657
168, 0.4668204328918364
1699, 0.4601268595433794
536, 0.4535958393244073
5, 0.45305801869835705
1570, 0.45285944297211245
1442, 0.45285944297211245
1954, 0.45285944297211245
2082, 0.45285944297211245
234, 0.45101349288597703
178, 0.45058163156500086
1079, 0.4495427827714593
494, 0.4491832648636773
408, 0.4438262308613048
410, 0.44258948969945777
89, 0.4417650751565816
1178, 0.44127932260744274
1176, 0.4391526745239389
1203, 0.43832555413246155
1320, 0.43628008622908965
538, 0.4346962997224182
180, 0.4328908767638495
921, 0.42576242733048275
1137, 0.4247055324376561
233, 0.42408165759115946
1268, 0.4237378917168826
1826, 0.42301391571527347
1710, 0.4214915332267992
290, 0.4212294432800263
308, 0.4140255239835824
1688, 0.4134993282514188
1704, 0.4128589380707126
1314, 0.40716979635180905
1261, 0.40299114436493255
1824, 0.3955399780534208
1015, 0.39322910516057163
1214, 0.3858117630079505
418, 0.3832083805464208
1130, 0.38272698246873915
753, 0.38260937412269413
1440, 0.38139269936073106
2080, 0.38139269936073106
1568, 0.38139269936073106
1952, 0.38139269936073106
288, 0.3805023140866979
159, 0.37576368649024516
1439, 0.37559330475050956
1567, 0.37559330475050956
1951, 0.37559330475050956
2079, 0.37559330475050956
1284, 0.3750057211436797
1731, 0.3740149597870186
287, 0.3738621766678989
160, 0.37134202156448737
1312, 0.3699005242669955
1039, 0.36966658948222175
1843, 0.368489590997342
882, 0.36674293398391455
415, 0.36501631687860936
674, 0.3646333608776331
794, 0.36377596866805106
1656, 0.3633920742213377
910, 0.3617752162972465
1698, 0.3613431104749907
755, 0.36055548462900333
1311, 0.3582490774570033
1277, 0.35802941545262
1315, 0.35782576174096903
546, 0.3576164933620021
672, 0.35637840477284044
836, 0.3556565396138467
945, 0.35525977618817706
1779, 0.3527525083627552
324, 0.3521492194267921
1774, 0.3505696738247934
361, 0.3505138475302374
802, 0.3501753568998538
1183, 0.35015351441688836
1823, 0.3475391088286415
1565, 0.34741680181650736
2077, 0.34741680181650736
1949, 0.34741680181650736
1437, 0.34741680181650736
1838, 0.34518688745447434
671, 0.34362575807608664
543, 0.3435003058111761
157, 0.34308541115024127
1141, 0.34302821528399363
1695, 0.34236897755181417
1184, 0.33993652209755965
930, 0.3398655991131818
1696, 0.33258207340259105
925, 0.3310139235122733
1186, 0.3308945483295247
289, 0.32938657034537755
1058, 0.3278339923126623
285, 0.32571595278568566
820, 0.32493222298217006
1194, 0.3242746833129786
1050, 0.32414911839305205
416, 0.32351148943416774
162, 0.32326620526146144
39, 0.3230940488865599
241, 0.3223523411725182
1143, 0.32180949447501916
805, 0.32064082771830726
1197, 0.31917524710297585
544, 0.3163740035961382
1034, 0.31509717472363263
1859, 0.31501362967537716
574, 0.3126140887616202
1821, 0.31105595601911773
13, 0.3099953950913914
373, 0.30997165260487236
922, 0.30781620054040104
1854, 0.3070126993843587
362, 0.30241114915406797
872, 0.300422505766619
298, 0.2992142478178721
42, 0.29816498015861725
2081, 0.29786191744642565
1569, 0.29786191744642565
1441, 0.29786191744642565
1953, 0.29786191744642565
1646, 0.29757681328919716
1071, 0.29588331759441644
169, 0.2952803584339563
806, 0.2920263509149663
360, 0.2902725254170946
1007, 0.2877735551155638
833, 0.28643401025328785
497, 0.2853947032999713
1825, 0.28493998177873436
673, 0.28398938581813127
561, 0.2789759571896866
1654, 0.27825261835823767
1313, 0.27809860948764253
1053, 0.27784951590001583
28, 0.277215565321967
1219, 0.2754849483608268
366, 0.2749223426217213
1647, 0.27436024631606415
1201, 0.27420071387678036
1166, 0.27236381953116506
946, 0.2717521110535017
1040, 0.2711301354574971
1332, 0.2686082125364919
801, 0.265679890406318
500, 0.264642413254478
1185, 0.2631349284783937
1309, 0.2628053052467294
376, 0.2619384105928475
1192, 0.2616674553719349
161, 0.2616215196903795
817, 0.2613540878810454
564, 0.2599330569501035
1066, 0.25758638423576485
1325, 0.255468027513416
297, 0.2531627562857466
314, 0.2507248933252413
388, 0.25021730313892476
1205, 0.24878701445413753
1136, 0.24811935727484524
1002, 0.24573649087687954
1697, 0.2452842356869951
1649, 0.24468639012775384
1072, 0.24450361559865996
1076, 0.24410438415361568
1138, 0.24376828731692513
797, 0.24243792196102731
669, 0.2405340884870384
436, 0.23922330998175312
37, 0.23914818896446377
1210, 0.23765868152258918
1171, 0.23476195730472682
413, 0.2300205645879032
1663, 0.22967697880085325
377, 0.229665756385657
1061, 0.2292349487543106
1693, 0.22548929223557934
866, 0.22455134168558288
917, 0.22097560060501564
1729, 0.2145454126293771
906, 0.2127670727786608
1135, 0.21204235176264774
897, 0.21083565139269922
313, 0.2101316579246486
1057, 0.20990746741881594
4, 0.20979953149799258
405, 0.2088288937229663
430, 0.20706116768997163
374, 0.20667247504752595
553, 0.20389402054388484
245, 0.20149265220970847
1008, 0.2007598955242429
1718, 0.19884780993743334
1650, 0.19856873001117492
1165, 0.19817319315916393
1713, 0.198021361206429
435, 0.19755479054583702
305, 0.19646475211629877
545, 0.19562225742265582
32, 0.1942669298441615
552, 0.19341894204262644
375, 0.192126415335224
889, 0.19092600692238193
557, 0.18814507578645134
865, 0.1878722682595253
417, 0.18777215539012104
394, 0.18727734545245767
933, 0.18721306156658102
1181, 0.1855776852753479
896, 0.1851832632382866
1711, 0.18093470999156125
1062, 0.18072305318492
1714, 0.18040262232534587
577, 0.1802665274735773
424, 0.17972301520057954
1726, 0.1795064432080835
936, 0.17754436521499883
66, 0.17606256427825429
565, 0.17603943211724982
580, 0.17556179781240644
54, 0.17509724869159982
489, 0.17337959945507464
1645, 0.17284436360932887
1, 0.16981821011722786
800, 0.16946314100641757
1221, 0.16795365491270786
390, 0.16782536545360927
799, 0.16774121060734615
929, 0.16686395817669109
1709, 0.1668251309019979
1202, 0.16681081389833707
321, 0.1665786646772176
541, 0.16654763981932774
1213, 0.16637251077918336
425, 0.1651914002286503
759, 0.16454327158862725
1734, 0.16431629380531376
1217, 0.1636814278535894
1200, 0.16319455107441172
369, 0.1625717650167644
1129, 0.1616558305831859
919, 0.16010276728775352
754, 0.1591400039033033
912, 0.1569756770186359
426, 0.15631140928599052
437, 0.15481824298331048
404, 0.15311076119587597
905, 0.1523258633678779
1670, 0.149608233186882
1074, 0.1485796460765414
503, 0.1471927841193974
1160, 0.14527369529241696
1730, 0.14486839219171088
554, 0.1439546220790362
916, 0.14366447307656927
563, 0.1434877445572056
247, 0.142211404745467
1208, 0.14176738172682235
309, 0.14029534965811763
510, 0.13983006852504332
746, 0.13937575700765592
868, 0.13915190858642745
47, 0.13843094707408454
1042, 0.1367483276517305
1218, 0.13613360061935964
439, 0.13608501869020984
1776, 0.1358924345986452
569, 0.1346938132919604
567, 0.1336007257050369
1735, 0.13318839855492115
55, 0.13147473870776594
1667, 0.13119702602853067
818, 0.12921950934105553
902, 0.12794092441617977
501, 0.12731903968960978
927, 0.12722804622899275
606, 0.12439069218089571
904, 0.1230968297313666
913, 0.1214801799505949
1012, 0.12026127428543987
1169, 0.11927973397541791
898, 0.11918469253578223
583, 0.11903693943349936
600, 0.11808138160267845
934, 0.11657273091259412
325, 0.11652273650611278
834, 0.11577223622589372
810, 0.11553517683205428
686, 0.11483381375728641
616, 0.11476466501699178
1199, 0.11457067805167753
990, 0.11446825405801064
1064, 0.11392933764727786
1010, 0.11247268921579234
1840, 0.11199364838103065
1056, 0.11175116096273996
1856, 0.11105861167015973
903, 0.10745690757175907
967, 0.10695648691034876
385, 0.10629760441588587
958, 0.10532758636691142
1193, 0.1052811334375292
856, 0.10510365152731538
568, 0.10377692768815905
573, 0.10361282587837195
1142, 0.10330728556436952
407, 0.10137330657744315
62, 0.10108936782853561
826, 0.10063283708768722
174, 0.10045209107920527
562, 0.10028286840679357
680, 0.10014668582880404
438, 0.09988225724373478
1720, 0.09865580103360116
517, 0.09825227343389997
560, 0.09804147417889908
46, 0.09791547933855327
1717, 0.09648069412651239
964, 0.09618314282852225
999, 0.0959565160155762
381, 0.09576706303050742
1326, 0.09574061961029656
228, 0.0956325345323421
1124, 0.09511990210739896
614, 0.09460471802958637
311, 0.09447827254189178
1769, 0.09438846411649138
1204, 0.09398663286265219
1705, 0.0912108067132067
1216, 0.08993205431033857
1055, 0.08863928483333439
177, 0.0882775897916872
51, 0.08816479581219028
1641, 0.08649062316544587
365, 0.08583284344058484
1721, 0.08564333552203607
378, 0.0851482141733868
1073, 0.08433138863620115
1847, 0.0831818809356264
953, 0.08275441388832405
406, 0.0823590062209405
617, 0.08167433374910615
749, 0.0816605237632757
814, 0.08146102741011418
327, 0.08081111995852552
382, 0.08024899329757318
960, 0.07980707463093495
490, 0.07916579732045648
612, 0.07894495720393024
1725, 0.07859592186741793
1069, 0.07827668778918451
433, 0.07823947328142822
1207, 0.07792777577378729
19, 0.07785337008226634
965, 0.07765049967565574
615, 0.07747307598333464
888, 0.0770796992292162
341, 0.07641505930223502
1706, 0.07640150659426581
488, 0.07624293763365131
605, 0.07613221579231322
1173, 0.07606778781337198
758, 0.07572463223186787
628, 0.07555722729011904
579, 0.0754298528045183
493, 0.07535670074867085
12, 0.07385092003823956
1849, 0.07343845699961093
1168, 0.0734269637032412
1657, 0.07299850756317028
601, 0.07279903751623351
1833, 0.07225477014435455
694, 0.07181219878839329
1661, 0.07175757637696734
330, 0.07003768428694457
914, 0.06998445074714255
1712, 0.06984054400709283
993, 0.06923384626134066
15, 0.06875309842143906
734, 0.0684676812379621
995, 0.06841928103676764
3, 0.06836630228644935
33, 0.0683495957928244
1215, 0.06795219843115774
890, 0.06793092962470837
1044, 0.06786442817247007
513, 0.06784991064341739
1022, 0.06752715783659369
31, 0.06752477042027749
692, 0.06739401232334785
218, 0.06731783473514952
1114, 0.06711361005727667
1161, 0.06684342318840208
1041, 0.0663364693755284
1000, 0.06625443228404038
1832, 0.06592770996394393
1778, 0.06559475576068508
1170, 0.06441283188178204
757, 0.06423517315124627
821, 0.0639303859861684
1716, 0.06392851848067949
695, 0.06340192485367879
49, 0.06258408717076236
610, 0.062340476011740975
429, 0.06203930897027021
1727, 0.06203292380223502
1662, 0.061802305572200567
822, 0.061500739262555726
997, 0.061024874419672415
733, 0.060642400218057446
681, 0.060238138298700505
1175, 0.060048740582715254
1664, 0.05981015907491383
232, 0.0596157863328699
1167, 0.059569645061856136
94, 0.0591755364821438
566, 0.059027094263001345
1262, 0.05883807815916953
602, 0.058327171675045975
44, 0.05831997276709444
1162, 0.058244450854544993
992, 0.05789281025499804
499, 0.05754409162909724
928, 0.057281066611722053
217, 0.05708793769736076
506, 0.05705216061323881
1075, 0.05687158369983081
1113, 0.05679071570193628
838, 0.05665925409994088
685, 0.0564915488648694
622, 0.056178381957579404
1009, 0.055814004452258814
434, 0.0557601799882832
340, 0.05566789996009902
22, 0.05537952271697577
1842, 0.05513929567746345
996, 0.05504154923983151
516, 0.054888122191186994
1841, 0.054633890475088265
1858, 0.054584916666954086
1223, 0.0544342299017444
102, 0.054283299223243375
1251, 0.05394314991349347
1648, 0.0539013700436044
813, 0.05385904946888331
498, 0.05360484250559239
109, 0.05343243635434192
371, 0.0530941247161536
1770, 0.05306654903688468
478, 0.053031058621854754
1839, 0.052975200676883105
1837, 0.05232137194980169
391, 0.052150382776744664
106, 0.05212495733576361
954, 0.05211086754979988
630, 0.05203039140906185
392, 0.05191046470281435
613, 0.05128219454491045
986, 0.05092557180614676
985, 0.05072103840939235
1777, 0.05030481001449516
728, 0.050120809954933065
1206, 0.049704943579854444
515, 0.04964398038282525
576, 0.04920744863920845
994, 0.0489279629568955
182, 0.04881186281090777
581, 0.04859903142641997
486, 0.048589581938358606
1107, 0.04796118890953949
173, 0.047914919967297465
368, 0.047459689660172444
570, 0.046842118146741996
1775, 0.04684146955696633
1222, 0.04673103689128766
837, 0.046452149394554
961, 0.04631231809980818
355, 0.04597210466454271
225, 0.04585751690319739
1209, 0.04553814496102859
1023, 0.04548944286216283
1121, 0.04548121710104169
1017, 0.044990177020736155
1850, 0.044976927179504855
962, 0.04485660542559344
1834, 0.0444738144551593
559, 0.04420170776575105
487, 0.044142971491965
631, 0.0441348469175864
690, 0.044080454448703676
1016, 0.044075838027310965
578, 0.04372689301089849
729, 0.0428680552104197
682, 0.042523816984612495
110, 0.04226700036088005
621, 0.04164476873120293
1005, 0.04070164119366382
446, 0.04064721705617558
1322, 0.04036563535919413
132, 0.04026595327013638
1857, 0.04006502217089292
1722, 0.039732578595248924
509, 0.03962502434296766
1246, 0.03961360701214289
1855, 0.03957548021207913
1635, 0.03869439820300613
629, 0.038424105343437986
113, 0.038304989522657706
1028, 0.03817909744429926
1031, 0.03757560189842479
1106, 0.03757325891274377
626, 0.03729268433562538
1333, 0.03712644539473331
343, 0.036926096994648105
60, 0.036870076415652875
618, 0.036858523559203604
984, 0.03670136372875277
370, 0.036344621248645126
911, 0.03623446385972784
97, 0.036166909252642654
730, 0.03608843005804374
389, 0.03570772511102405
575, 0.03511967046870268
533, 0.0351054653438041
129, 0.03497709393741388
59, 0.03404453716575517
625, 0.033917712804395705
1642, 0.03388046062900685
693, 0.03374125666596228
1783, 0.03336947004208923
52, 0.03334366947910894
1658, 0.03291759200146771
1030, 0.03273112881106499
125, 0.0325679267225496
741, 0.032497222451183916
481, 0.03236077161272988
738, 0.032290984025166836
607, 0.03210222843699739
966, 0.03209102932123642
1329, 0.031996898411307484
687, 0.03199295666490798
229, 0.03189695693436079
1125, 0.03162838002026547
1025, 0.031327483632139774
342, 0.030841358788165962
8, 0.03083818307641195
1844, 0.030428446203586645
1328, 0.030062855410506018
514, 0.029676721465875744
170, 0.029587038749014027
512, 0.02920594021998113
440, 0.029106444409990218
504, 0.029044752425761544
482, 0.028844263695646077
959, 0.02870310340222204
472, 0.028475303130107932
1101, 0.028112984990002587
90, 0.028086219666874968
522, 0.027883141050551785
1111, 0.027833350919536315
505, 0.027062738886797888
117, 0.026936249318168848
952, 0.026881804602453485
532, 0.026723309991211863
609, 0.026207493334368337
991, 0.026126716495127766
1321, 0.025995343625254463
1666, 0.025434650533497916
823, 0.025377927971931058
1011, 0.025278839082602644
502, 0.02509865610045381
496, 0.02509780496552594
474, 0.025026141505804844
35, 0.02469872464686773
998, 0.024645438683364773
1330, 0.02397183694120031
451, 0.023963110652402975
736, 0.023891372584330384
689, 0.02372169903901522
743, 0.023492137137509417
350, 0.023384786076348973
1863, 0.023068861306001054
431, 0.02272612076922087
816, 0.02269690531284141
1086, 0.022563263009942602
1102, 0.02248105188300542
1021, 0.022470939944469137
735, 0.02233328482543584
1672, 0.022005898368661292
582, 0.021656237193383276
1085, 0.021541575541050406
231, 0.02151303633581847
1127, 0.02151037131261546
126, 0.02133056270031375
815, 0.021169148181797937
1080, 0.020604016191100527
1669, 0.020124528017618104
1773, 0.02006783380966226
1846, 0.01988060392488933
359, 0.019850257189318654
737, 0.019815703068161383
1639, 0.01974253364096512
1258, 0.019661749903256975
344, 0.01958910288885818
328, 0.019355465989065124
918, 0.019349141814018367
484, 0.019268539681888797
1768, 0.019147189990690094
1678, 0.01913990168395685
176, 0.018953644696011906
1653, 0.01856816317740595
1673, 0.01855278441644259
367, 0.01847445865860209
819, 0.018085577809415554
96, 0.017888036481963354
535, 0.017495398213213775
118, 0.017456869537454622
1026, 0.017450383001232694
519, 0.017223230577656068
1081, 0.01719179098654422
387, 0.01717269097969165
1853, 0.017143080020105117
1665, 0.016938626024057157
454, 0.01686439093828085
1334, 0.01659905228734715
1264, 0.016414957672168384
1097, 0.01620083045327192
1018, 0.016012899373890832
1624, 0.016011317460652208
480, 0.015973410907463403
134, 0.015851066797949898
135, 0.015819400163309183
1029, 0.015606208376084396
974, 0.015342716265877243
1082, 0.015299311032322294
441, 0.015206415606371593
445, 0.015083495793078328
450, 0.01469265661216923
1257, 0.014386828788701678
473, 0.01435940871365915
449, 0.014179563086145208
518, 0.01393155986261263
750, 0.013910154415270881
1848, 0.013672691102328827
242, 0.013483626265951898
1636, 0.012928364888466604
1093, 0.012636028712222469
495, 0.012622204066246923
349, 0.012521831959816154
1845, 0.012456166582296646
1242, 0.012455447865363567
534, 0.012313672217260319
1630, 0.011994580469945504
345, 0.011366018914941378
453, 0.011329657016176498
121, 0.011305063733743737
57, 0.011200769567949465
455, 0.011136988556245342
1327, 0.01110479582712287
1174, 0.011040890371077694
1024, 0.011009305399966252
296, 0.010802706673530338
353, 0.010709059999499004
1637, 0.010685888890293427
1090, 0.010634226565343852
1248, 0.010113840936810448
1088, 0.009903884313644085
511, 0.009876921560135088
1263, 0.009875024450593628
352, 0.009838602481067937
301, 0.009617342323963385
1632, 0.009544472258312453
432, 0.009478046295043896
520, 0.00937664030425367
1294, 0.009239035755854275
782, 0.009207848931509943
302, 0.009190121569190524
1629, 0.009102657382285884
969, 0.009030787062329182
356, 0.009004214655760734
1241, 0.008885481287506991
688, 0.008594602322773426
981, 0.008439138277026359
1037, 0.008386144437281473
1685, 0.00835583453408617
1096, 0.008273465867205232
1687, 0.0082564735687356
442, 0.008232836742536165
1301, 0.008142814433085732
386, 0.00813767270989274
1686, 0.008083705085482507
354, 0.008062790402618703
447, 0.007915454609246808
1095, 0.007899325771177246
1290, 0.007896287173025485
1668, 0.007645298788474975
970, 0.007446877774782479
776, 0.007420249875849549
752, 0.007386940264495934
1240, 0.007333369356274488
1633, 0.007047516202874249
1289, 0.006930756186193321
1255, 0.006618404251639731
246, 0.006459992820964544
608, 0.006459315663960297
787, 0.006414359821064863
980, 0.0062605601306131575
1247, 0.006194005560246296
1634, 0.006175146336772741
1087, 0.005912139343763556
1298, 0.005722063139842248
1677, 0.005541806540804828
179, 0.005378222582294256
1089, 0.005308583089572494
1626, 0.005294442990361858
1625, 0.005252508813555323
1681, 0.005019502456889313
1674, 0.004844716082516243
751, 0.004809830728845554
1297, 0.0046895389009478095
306, 0.004626012852355643
304, 0.00460818912506511
1104, 0.004510614611149322
1679, 0.004400797230232456
1299, 0.004342617527072434
777, 0.004301836958347849
790, 0.004213306154724705
1296, 0.0040027228135386395
785, 0.003931704196929786
1806, 0.0039002277849249367
9, 0.0038021081231818243
351, 0.003795771005570714
975, 0.003790932640072242
781, 0.0037680453856410168
778, 0.0037571008206214174
448, 0.003668537341127376
346, 0.003645734866722705
786, 0.003469909167733931
1813, 0.003392752891272721
383, 0.0032899382586037973
977, 0.00308921058103806
1801, 0.002952626530714042
1631, 0.002862610977672375
303, 0.002798467509933289
1103, 0.00273151267265348
1733, 0.002727093018620508
978, 0.0026702735963226587
1303, 0.0026231598563981606
1680, 0.002535540317921914
1802, 0.002348652927139483
1295, 0.002337283387532807
789, 0.002286786304466659
1302, 0.002237024565978629
181, 0.0021845271186293758
791, 0.0021481596338617237
783, 0.0021094209810712528
175, 0.0018984898178402432
973, 0.0018643936306261821
1728, 0.0017485751136518957
384, 0.0016304058102036834
1638, 0.0016159560934738693
784, 0.0015630594398317044
1810, 0.0013980026220679065
1682, 0.0013919244770477235
1808, 0.0011704756485642065
1293, 0.001041058697637709
1807, 0.0010294406804405298
1815, 0.0009803454925076949
941, 0.0007965606860125263
1288, 0.0007742693209422669
1814, 0.00047012235117449563
1809, 0.000373525786500295
74, 0.0
701, 0.0
48, 0.0
76, 0.0
75, 0.0
65, 0.0
41, 0.0
748, 0.0
684, 0.0
40, 0.0
708, 0.0
16, 0.0
762, 0.0
64, 0.0
705, 0.0
718, 0.0
77, 0.0
717, 0.0
761, 0.0
707, 0.0
706, 0.0
702, 0.0
760, 0.0
727, 0.0
715, 0.0
73, 0.0
704, 0.0
698, 0.0
716, 0.0
691, 0.0
72, 0.0
722, 0.0
739, 0.0
24, 0.0
23, 0.0
696, 0.0
723, 0.0
710, 0.0
725, 0.0
700, 0.0
724, 0.0
709, 0.0
732, 0.0
63, 0.0
683, 0.0
731, 0.0
703, 0.0
697, 0.0
721, 0.0
720, 0.0
27, 0.0
70, 0.0
747, 0.0
699, 0.0
17, 0.0
20, 0.0
742, 0.0
719, 0.0
71, 0.0
714, 0.0
711, 0.0
726, 0.0
56, 0.0
713, 0.0
712, 0.0
43, 0.0
68, 0.0
67, 0.0
740, 0.0
204, 0.0
78, 0.0
323, 0.0
316, 0.0
317, 0.0
318, 0.0
319, 0.0
320, 0.0
322, 0.0
326, 0.0
312, 0.0
329, 0.0
331, 0.0
332, 0.0
333, 0.0
334, 0.0
335, 0.0
315, 0.0
310, 0.0
193, 0.0
187, 0.0
191, 0.0
283, 0.0
284, 0.0
190, 0.0
189, 0.0
188, 0.0
186, 0.0
171, 0.0
185, 0.0
184, 0.0
299, 0.0
300, 0.0
307, 0.0
172, 0.0
336, 0.0
337, 0.0
338, 0.0
148, 0.0
398, 0.0
399, 0.0
400, 0.0
401, 0.0
402, 0.0
403, 0.0
411, 0.0
339, 0.0
412, 0.0
147, 0.0
146, 0.0
145, 0.0
427, 0.0
428, 0.0
397, 0.0
396, 0.0
395, 0.0
393, 0.0
380, 0.0
379, 0.0
149, 0.0
364, 0.0
363, 0.0
150, 0.0
151, 0.0
155, 0.0
156, 0.0
358, 0.0
357, 0.0
348, 0.0
347, 0.0
192, 0.0
279, 0.0
444, 0.0
199, 0.0
227, 0.0
230, 0.0
203, 0.0
202, 0.0
201, 0.0
200, 0.0
198, 0.0
224, 0.0
235, 0.0
197, 0.0
196, 0.0
195, 0.0
236, 0.0
237, 0.0
226, 0.0
223, 0.0
278, 0.0
212, 0.0
206, 0.0
207, 0.0
208, 0.0
209, 0.0
210, 0.0
211, 0.0
213, 0.0
222, 0.0
214, 0.0
215, 0.0
216, 0.0
219, 0.0
220, 0.0
221, 0.0
238, 0.0
239, 0.0
240, 0.0
270, 0.0
264, 0.0
265, 0.0
266, 0.0
267, 0.0
268, 0.0
269, 0.0
271, 0.0
243, 0.0
272, 0.0
273, 0.0
274, 0.0
275, 0.0
276, 0.0
277, 0.0
263, 0.0
262, 0.0
261, 0.0
260, 0.0
259, 0.0
258, 0.0
257, 0.0
256, 0.0
255, 0.0
254, 0.0
253, 0.0
252, 0.0
251, 0.0
250, 0.0
249, 0.0
248, 0.0
194, 0.0
443, 0.0
452, 0.0
79, 0.0
635, 0.0
101, 0.0
99, 0.0
627, 0.0
632, 0.0
633, 0.0
634, 0.0
636, 0.0
108, 0.0
637, 0.0
638, 0.0
639, 0.0
640, 0.0
641, 0.0
642, 0.0
107, 0.0
624, 0.0
112, 0.0
597, 0.0
592, 0.0
111, 0.0
593, 0.0
594, 0.0
595, 0.0
596, 0.0
598, 0.0
623, 0.0
599, 0.0
603, 0.0
604, 0.0
611, 0.0
619, 0.0
620, 0.0
643, 0.0
644, 0.0
645, 0.0
87, 0.0
662, 0.0
663, 0.0
92, 0.0
91, 0.0
667, 0.0
668, 0.0
86, 0.0
646, 0.0
85, 0.0
84, 0.0
83, 0.0
82, 0.0
81, 0.0
80, 0.0
661, 0.0
660, 0.0
659, 0.0
658, 0.0
657, 0.0
656, 0.0
655, 0.0
654, 0.0
653, 0.0
652, 0.0
651, 0.0
650, 0.0
93, 0.0
649, 0.0
648, 0.0
95, 0.0
647, 0.0
591, 0.0
590, 0.0
456, 0.0
138, 0.0
764, 0.0
141, 0.0
475, 0.0
476, 0.0
140, 0.0
139, 0.0
477, 0.0
143, 0.0
479, 0.0
483, 0.0
485, 0.0
491, 0.0
492, 0.0
507, 0.0
142, 0.0
144, 0.0
589, 0.0
463, 0.0
457, 0.0
458, 0.0
459, 0.0
460, 0.0
461, 0.0
462, 0.0
464, 0.0
471, 0.0
465, 0.0
466, 0.0
467, 0.0
468, 0.0
469, 0.0
470, 0.0
508, 0.0
521, 0.0
523, 0.0
122, 0.0
572, 0.0
128, 0.0
127, 0.0
205, 0.0
124, 0.0
123, 0.0
120, 0.0
524, 0.0
115, 0.0
584, 0.0
585, 0.0
586, 0.0
587, 0.0
588, 0.0
571, 0.0
556, 0.0
555, 0.0
130, 0.0
131, 0.0
133, 0.0
540, 0.0
539, 0.0
136, 0.0
137, 0.0
531, 0.0
530, 0.0
529, 0.0
528, 0.0
527, 0.0
526, 0.0
525, 0.0
763, 0.0
2119, 0.0
765, 0.0
1791, 0.0
1781, 0.0
1782, 0.0
1784, 0.0
1785, 0.0
1786, 0.0
1787, 0.0
1788, 0.0
1789, 0.0
1790, 0.0
1792, 0.0
1772, 0.0
1793, 0.0
1794, 0.0
1795, 0.0
1796, 0.0
1797, 0.0
1798, 0.0
1799, 0.0
1800, 0.0
1803, 0.0
1780, 0.0
1771, 0.0
1805, 0.0
1756, 0.0
1747, 0.0
1748, 0.0
1749, 0.0
1750, 0.0
1751, 0.0
1752, 0.0
1753, 0.0
1754, 0.0
1755, 0.0
1757, 0.0
1767, 0.0
1758, 0.0
1759, 0.0
1760, 0.0
1761, 0.0
1762, 0.0
1763, 0.0
1764, 0.0
1765, 0.0
1766, 0.0
1804, 0.0
1811, 0.0
1745, 0.0
1888, 0.0
1879, 0.0
1880, 0.0
1881, 0.0
1882, 0.0
1883, 0.0
1884, 0.0
1885, 0.0
1886, 0.0
1887, 0.0
1889, 0.0
1877, 0.0
1890, 0.0
1891, 0.0
1892, 0.0
1893, 0.0
1894, 0.0
1895, 0.0
1896, 0.0
1897, 0.0
1898, 0.0
1878, 0.0
1876, 0.0
1812, 0.0
1864, 0.0
1819, 0.0
1820, 0.0
1835, 0.0
1836, 0.0
1851, 0.0
1852, 0.0
1860, 0.0
1861, 0.0
1862, 0.0
1865, 0.0
1875, 0.0
1866, 0.0
1867, 0.0
1868, 0.0
1869, 0.0
1870, 0.0
1871, 0.0
1872, 0.0
1873, 0.0
1874, 0.0
1746, 0.0
1744, 0.0
1541, 0.0
1590, 0.0
1581, 0.0
1582, 0.0
1583, 0.0
1584, 0.0
1585, 0.0
1586, 0.0
1587, 0.0
1588, 0.0
1589, 0.0
1591, 0.0
1579, 0.0
1592, 0.0
1593, 0.0
1594, 0.0
1595, 0.0
1596, 0.0
1597, 0.0
1598, 0.0
1599, 0.0
1600, 0.0
1580, 0.0
1578, 0.0
1602, 0.0
1552, 0.0
1543, 0.0
1544, 0.0
1545, 0.0
1546, 0.0
1547, 0.0
1548, 0.0
1549, 0.0
1550, 0.0
1551, 0.0
1553, 0.0
1577, 0.0
1554, 0.0
1555, 0.0
1556, 0.0
1557, 0.0
1558, 0.0
1559, 0.0
1563, 0.0
1564, 0.0
1576, 0.0
1601, 0.0
1603, 0.0
1743, 0.0
1708, 0.0
1659, 0.0
1660, 0.0
1675, 0.0
1676, 0.0
1683, 0.0
1684, 0.0
1691, 0.0
1692, 0.0
1707, 0.0
1723, 0.0
1644, 0.0
1724, 0.0
1732, 0.0
1736, 0.0
1737, 0.0
1738, 0.0
1739, 0.0
1740, 0.0
1741, 0.0
1742, 0.0
1652, 0.0
1643, 0.0
1604, 0.0
1614, 0.0
1605, 0.0
1606, 0.0
1607, 0.0
1608, 0.0
1609, 0.0
1610, 0.0
1611, 0.0
1612, 0.0
1613, 0.0
1615, 0.0
1628, 0.0
1616, 0.0
1617, 0.0
1618, 0.0
1619, 0.0
1620, 0.0
1621, 0.0
1622, 0.0
1623, 0.0
1627, 0.0
1899, 0.0
1900, 0.0
1901, 0.0
2045, 0.0
2036, 0.0
2037, 0.0
2038, 0.0
2039, 0.0
2040, 0.0
2041, 0.0
2042, 0.0
2043, 0.0
2044, 0.0
2046, 0.0
2034, 0.0
2047, 0.0
2048, 0.0
2049, 0.0
2050, 0.0
2051, 0.0
2052, 0.0
2053, 0.0
2054, 0.0
2055, 0.0
2035, 0.0
2033, 0.0
2057, 0.0
2021, 0.0
2012, 0.0
2013, 0.0
2014, 0.0
2015, 0.0
2016, 0.0
2017, 0.0
2018, 0.0
2019, 0.0
2020, 0.0
2022, 0.0
2032, 0.0
2023, 0.0
2024, 0.0
2025, 0.0
2026, 0.0
2027, 0.0
2028, 0.0
2029, 0.0
2030, 0.0
2031, 0.0
2056, 0.0
2058, 0.0
1902, 0.0
2107, 0.0
2098, 0.0
2099, 0.0
2100, 0.0
2101, 0.0
2102, 0.0
2103, 0.0
2104, 0.0
2105, 0.0
2106, 0.0
2108, 0.0
2096, 0.0
2109, 0.0
2110, 0.0
2111, 0.0
2112, 0.0
2113, 0.0
2114, 0.0
2115, 0.0
2116, 0.0
2117, 0.0
2097, 0.0
2095, 0.0
2059, 0.0
2069, 0.0
2060, 0.0
2061, 0.0
2062, 0.0
2063, 0.0
2064, 0.0
2065, 0.0
2066, 0.0
2067, 0.0
2068, 0.0
2070, 0.0
2094, 0.0
2071, 0.0
2075, 0.0
2076, 0.0
2088, 0.0
2089, 0.0
2090, 0.0
2091, 0.0
2092, 0.0
2093, 0.0
2011, 0.0
2010, 0.0
2009, 0.0
1936, 0.0
1927, 0.0
1928, 0.0
1929, 0.0
1930, 0.0
1931, 0.0
1932, 0.0
1933, 0.0
1934, 0.0
1935, 0.0
1937, 0.0
1925, 0.0
1938, 0.0
1939, 0.0
1940, 0.0
1941, 0.0
1942, 0.0
1943, 0.0
1947, 0.0
1948, 0.0
1960, 0.0
1926, 0.0
1924, 0.0
2008, 0.0
1912, 0.0
1903, 0.0
1904, 0.0
1905, 0.0
1906, 0.0
1907, 0.0
1908, 0.0
1909, 0.0
1910, 0.0
1911, 0.0
1913, 0.0
1923, 0.0
1914, 0.0
1915, 0.0
1916, 0.0
1917, 0.0
1918, 0.0
1919, 0.0
1920, 0.0
1921, 0.0
1922, 0.0
1961, 0.0
1962, 0.0
1963, 0.0
1997, 0.0
1988, 0.0
1989, 0.0
1990, 0.0
1991, 0.0
1992, 0.0
1993, 0.0
1994, 0.0
1995, 0.0
1996, 0.0
1998, 0.0
1964, 0.0
1999, 0.0
2000, 0.0
2001, 0.0
2002, 0.0
2003, 0.0
2004, 0.0
2005, 0.0
2006, 0.0
2007, 0.0
1987, 0.0
1986, 0.0
1985, 0.0
1984, 0.0
1965, 0.0
1966, 0.0
1967, 0.0
1968, 0.0
1969, 0.0
1970, 0.0
1971, 0.0
1972, 0.0
1973, 0.0
1974, 0.0
1975, 0.0
1976, 0.0
1977, 0.0
1978, 0.0
1979, 0.0
1980, 0.0
1981, 0.0
1982, 0.0
1983, 0.0
1542, 0.0
1540, 0.0
766, 0.0
1157, 0.0
1148, 0.0
1149, 0.0
1150, 0.0
1151, 0.0
1152, 0.0
1153, 0.0
1154, 0.0
1155, 0.0
1156, 0.0
1158, 0.0
1146, 0.0
1159, 0.0
1163, 0.0
1164, 0.0
1172, 0.0
1179, 0.0
1180, 0.0
1195, 0.0
1196, 0.0
1211, 0.0
1147, 0.0
1145, 0.0
1220, 0.0
1116, 0.0
1098, 0.0
1099, 0.0
1100, 0.0
1105, 0.0
1108, 0.0
1109, 0.0
1110, 0.0
1112, 0.0
1115, 0.0
1117, 0.0
1144, 0.0
1118, 0.0
1119, 0.0
1120, 0.0
1122, 0.0
1123, 0.0
1126, 0.0
1131, 0.0
1132, 0.0
1140, 0.0
1212, 0.0
1224, 0.0
1092, 0.0
1279, 0.0
1265, 0.0
1266, 0.0
1269, 0.0
1270, 0.0
1273, 0.0
1274, 0.0
1275, 0.0
1276, 0.0
1278, 0.0
1280, 0.0
1259, 0.0
1281, 0.0
1282, 0.0
1285, 0.0
1286, 0.0
1291, 0.0
1292, 0.0
1300, 0.0
1307, 0.0
1308, 0.0
1260, 0.0
1254, 0.0
1225, 0.0
1235, 0.0
1226, 0.0
1227, 0.0
1228, 0.0
1229, 0.0
1230, 0.0
1231, 0.0
1232, 0.0
1233, 0.0
1234, 0.0
1236, 0.0
1253, 0.0
1237, 0.0
1238, 0.0
1239, 0.0
1243, 0.0
1244, 0.0
1245, 0.0
1249, 0.0
1250, 0.0
1252, 0.0
1094, 0.0
1091, 0.0
1539, 0.0
849, 0.0
840, 0.0
841, 0.0
842, 0.0
843, 0.0
844, 0.0
845, 0.0
846, 0.0
847, 0.0
848, 0.0
850, 0.0
835, 0.0
851, 0.0
852, 0.0
853, 0.0
854, 0.0
855, 0.0
859, 0.0
860, 0.0
861, 0.0
867, 0.0
839, 0.0
832, 0.0
876, 0.0
779, 0.0
767, 0.0
768, 0.0
769, 0.0
770, 0.0
771, 0.0
772, 0.0
773, 0.0
774, 0.0
775, 0.0
780, 0.0
831, 0.0
788, 0.0
795, 0.0
796, 0.0
811, 0.0
812, 0.0
827, 0.0
828, 0.0
829, 0.0
830, 0.0
875, 0.0
877, 0.0
1084, 0.0
1027, 0.0
982, 0.0
983, 0.0
987, 0.0
988, 0.0
989, 0.0
1003, 0.0
1004, 0.0
1019, 0.0
1020, 0.0
1032, 0.0
976, 0.0
1035, 0.0
1036, 0.0
1043, 0.0
1051, 0.0
1052, 0.0
2118, 0.0
1067, 0.0
1068, 0.0
1083, 0.0
979, 0.0
972, 0.0
883, 0.0
915, 0.0
891, 0.0
892, 0.0
893, 0.0
895, 0.0
899, 0.0
901, 0.0
907, 0.0
908, 0.0
909, 0.0
923, 0.0
971, 0.0
924, 0.0
939, 0.0
940, 0.0
947, 0.0
955, 0.0
956, 0.0
957, 0.0
963, 0.0
968, 0.0
1323, 0.0
1324, 0.0
1336, 0.0
1480, 0.0
1471, 0.0
1472, 0.0
1473, 0.0
1474, 0.0
1475, 0.0
1476, 0.0
1477, 0.0
1478, 0.0
1479, 0.0
1481, 0.0
1469, 0.0
1482, 0.0
1483, 0.0
1484, 0.0
1485, 0.0
1486, 0.0
1487, 0.0
1488, 0.0
1489, 0.0
1490, 0.0
1470, 0.0
1468, 0.0
1492, 0.0
1456, 0.0
1436, 0.0
1448, 0.0
1449, 0.0
1450, 0.0
1451, 0.0
1452, 0.0
1453, 0.0
1454, 0.0
1455, 0.0
1457, 0.0
1467, 0.0
1458, 0.0
1459, 0.0
1460, 0.0
1461, 0.0
1462, 0.0
1463, 0.0
1464, 0.0
1465, 0.0
1466, 0.0
1491, 0.0
1493, 0.0
1337, 0.0
1528, 0.0
1519, 0.0
1520, 0.0
1521, 0.0
1522, 0.0
1523, 0.0
1524, 0.0
1525, 0.0
1526, 0.0
1527, 0.0
1529, 0.0
1517, 0.0
1530, 0.0
1531, 0.0
1532, 0.0
1533, 0.0
1534, 0.0
1535, 0.0
1536, 0.0
1537, 0.0
1538, 0.0
1518, 0.0
1516, 0.0
1494, 0.0
1504, 0.0
1495, 0.0
1496, 0.0
1497, 0.0
1498, 0.0
1499, 0.0
1500, 0.0
1501, 0.0
1502, 0.0
1503, 0.0
1505, 0.0
1515, 0.0
1506, 0.0
1507, 0.0
1508, 0.0
1509, 0.0
1510, 0.0
1511, 0.0
1512, 0.0
1513, 0.0
1514, 0.0
1435, 0.0
1431, 0.0
1430, 0.0
1371, 0.0
1362, 0.0
1363, 0.0
1364, 0.0
1365, 0.0
1366, 0.0
1367, 0.0
1368, 0.0
1369, 0.0
1370, 0.0
1372, 0.0
1360, 0.0
1373, 0.0
1374, 0.0
1375, 0.0
1376, 0.0
1377, 0.0
1378, 0.0
1379, 0.0
1380, 0.0
1381, 0.0
1361, 0.0
1359, 0.0
1429, 0.0
1347, 0.0
1338, 0.0
1339, 0.0
1340, 0.0
1341, 0.0
1342, 0.0
1343, 0.0
1344, 0.0
1345, 0.0
1346, 0.0
1348, 0.0
1358, 0.0
1349, 0.0
1350, 0.0
1351, 0.0
1352, 0.0
1353, 0.0
1354, 0.0
1355, 0.0
1356, 0.0
1357, 0.0
1382, 0.0
1383, 0.0
1384, 0.0
1418, 0.0
1409, 0.0
1410, 0.0
1411, 0.0
1412, 0.0
1413, 0.0
1414, 0.0
1415, 0.0
1416, 0.0
1417, 0.0
1419, 0.0
1385, 0.0
1420, 0.0
1421, 0.0
1422, 0.0
1423, 0.0
1424, 0.0
1425, 0.0
1426, 0.0
1427, 0.0
1428, 0.0
1408, 0.0
1407, 0.0
1406, 0.0
1405, 0.0
1386, 0.0
1387, 0.0
1388, 0.0
1389, 0.0
1390, 0.0
1391, 0.0
1392, 0.0
1393, 0.0
1394, 0.0
1395, 0.0
1396, 0.0
1397, 0.0
1398, 0.0
1399, 0.0
1400, 0.0
1401, 0.0
1402, 0.0
1403, 0.0
1404, 0.0
0, 0.0
