Hessian ranking for layer encoded_vector (param idx, rank)
670, 0.6003257650882006
654, 0.5210686952341348
669, 0.4089369324501604
78, 0.3701085988432169
653, 0.3538720898795873
665, 0.2894387173000723
77, 0.2515273831086233
649, 0.249908700119704
622, 0.24049325136002153
790, 0.24039447493851185
702, 0.22045212448574603
796, 0.21509383246302605
664, 0.20704968296922743
798, 0.1934655588120222
648, 0.18031598150264472
73, 0.17809448420302942
621, 0.1633255728520453
1048, 0.15714773116633296
794, 0.15339668281376362
701, 0.1497151008225046
410, 0.14778388894046657
799, 0.1446442953310907
786, 0.136521304724738
72, 0.12498645519372076
795, 0.12021592254313873
1052, 0.11590778408572078
617, 0.11534247448435053
697, 0.10573060595197603
663, 0.10506995877949521
838, 0.10293106362223625
1049, 0.10074260935653001
30, 0.10067642177455127
1047, 0.09987803269177675
718, 0.09835753729566932
1045, 0.09790009632706642
785, 0.09580736886709929
926, 0.0955707486718893
647, 0.09143038373440504
408, 0.08783528627827764
844, 0.08734933787491173
797, 0.08551822026493028
792, 0.08533032890409231
206, 0.08463227155152708
1566, 0.08352391119115055
414, 0.08331546559929848
616, 0.08322275886894204
412, 0.0829588994383812
405, 0.07911701709963381
198, 0.07847000635229051
330, 0.07802742021158338
696, 0.07628752692835405
774, 0.07583377091214061
717, 0.07501774447155185
286, 0.07459066528826952
784, 0.07351192831993103
846, 0.07011131616309285
394, 0.0687072662403807
204, 0.06747184041887522
332, 0.06723611615598202
780, 0.06688599358312786
409, 0.06633608427364379
1096, 0.06627699872478843
922, 0.06577268405817449
590, 0.06363066611811519
71, 0.06328514125198126
791, 0.062279482604935765
847, 0.06167506659403443
1032, 0.061638096580281854
126, 0.06143768886977341
834, 0.06131098128389567
918, 0.060371239655069076
858, 0.05897579435259104
1042, 0.05795133160427213
843, 0.05519633676158264
1564, 0.05372551176697016
789, 0.05354550271295011
1565, 0.053040392929688096
283, 0.05177529132924974
1550, 0.05164731224067509
205, 0.05110768467420712
924, 0.05016503157094121
1561, 0.05005140113644302
413, 0.049453912826720625
328, 0.04906867537647486
793, 0.04857185890432447
714, 0.04769045431748964
914, 0.047414933796972036
1552, 0.04688776540569961
278, 0.046142533887177706
1041, 0.04591219266876578
1093, 0.04538335980032571
207, 0.04464852099772543
1097, 0.0443510131444782
1036, 0.04422013112343848
783, 0.044152521062642336
407, 0.043692248640581965
615, 0.04219863854814321
203, 0.0420747873140499
1562, 0.041838695062324405
589, 0.041442299174377695
779, 0.04119349207030609
787, 0.04095558275002986
894, 0.040750813321210444
194, 0.04030481003155728
925, 0.04008158977376297
860, 0.040041073225438595
406, 0.039951485581696033
29, 0.03991125320317224
832, 0.039687859592959285
1033, 0.03965693962527439
770, 0.03944217466050759
1098, 0.03923342376947403
285, 0.03898234700318426
695, 0.03868208502535708
1031, 0.03849027864634991
1100, 0.03841766284313053
856, 0.0383229018189013
1029, 0.038030413968954235
347, 0.037895539426244795
833, 0.03745388053357601
110, 0.03743996368939406
1558, 0.03713701106607914
28, 0.03688670275732875
398, 0.03654738701879978
325, 0.036354772513732314
392, 0.03612855507526547
585, 0.03506427019601688
397, 0.03497967915609479
912, 0.03457013383740559
1548, 0.0343059798469767
974, 0.03420485643437132
890, 0.034028767608106136
1040, 0.0339711201377213
806, 0.03395343339070678
1555, 0.03322910552378744
329, 0.032449371996335685
201, 0.03220550119294785
1563, 0.03196550766006112
927, 0.0318571055540815
1536, 0.031698240723926574
1545, 0.031306099612265825
1559, 0.030530546326190233
284, 0.03024926222860813
1567, 0.030225508497096598
349, 0.030179130204487592
1095, 0.030155810643918812
713, 0.029965527188323904
1690, 0.029812743534421315
915, 0.02931680805340875
812, 0.02925547701306641
893, 0.029213749163318425
923, 0.028734708786942065
391, 0.028479132559368736
1178, 0.02846114570274949
970, 0.028400930867064744
334, 0.028356573078781366
839, 0.02816481061745435
333, 0.028158980305306613
1553, 0.028010297566652298
853, 0.02798702963627875
913, 0.027911176613997668
584, 0.027366197609808296
153, 0.02726810472086072
348, 0.027034275233745575
1102, 0.026691337508964352
396, 0.02630650479113683
26, 0.0261766419862397
335, 0.025783746503293514
199, 0.025747653082362376
705, 0.025713647832162678
474, 0.025657085236161947
782, 0.025559273082762957
769, 0.025542308343574405
342, 0.025540983420796692
193, 0.025540153146721423
862, 0.025462274439632893
842, 0.02534988803381566
331, 0.025089063914492726
919, 0.024908541701734066
1101, 0.024689843878149986
302, 0.024218143022153527
710, 0.02419330005068332
1557, 0.024186464259400964
281, 0.024082071031443775
362, 0.023982401820831
1050, 0.02398118213750422
921, 0.02397203736472875
350, 0.02396492601837963
125, 0.023925328758195974
942, 0.02390729426406324
1026, 0.02359202242223546
1064, 0.023471713939215988
326, 0.023414708208292723
389, 0.023284436552785337
402, 0.023107913555577397
706, 0.023086782195605338
1089, 0.023022322391625494
393, 0.022979372995905578
716, 0.02282279310747981
442, 0.02276662358781323
857, 0.022363525116816163
1090, 0.021815719665028155
802, 0.021654291300365003
315, 0.021396008494775742
768, 0.021298196515999734
814, 0.021268430398777127
707, 0.021114124429004733
920, 0.02102470607496798
1689, 0.020879790419712663
1554, 0.02087157848291099
458, 0.02086104470072314
841, 0.02084497211035341
19, 0.020840187324211
400, 0.02074739756062627
287, 0.020722381421364844
124, 0.02068267483264208
815, 0.020573919638991356
192, 0.020344463548099156
144, 0.020335155655629933
200, 0.02023131278110668
938, 0.020127109622990247
351, 0.020107161020860076
1181, 0.019987438281532377
883, 0.019978037817054428
316, 0.01986017415765673
1549, 0.01966260955668986
1688, 0.019630945345852524
1685, 0.019345114356838167
1543, 0.019338165962835774
27, 0.019309651805087924
401, 0.0192846147401724
1674, 0.019277021536254324
917, 0.018960954213980585
137, 0.01888826774666086
1629, 0.01864063557695772
469, 0.018634030129760504
317, 0.018411265773465857
1061, 0.0182933013420552
1068, 0.01813348277937621
1597, 0.017885504581499845
310, 0.017751044710166752
861, 0.0176681368611753
811, 0.017620048267417587
1539, 0.01751116686500609
973, 0.017496214524726383
403, 0.0170452615711838
460, 0.016817448660731316
881, 0.0167720562312752
109, 0.016597657173406333
1025, 0.016483350016642362
1673, 0.016477937460877
1551, 0.01634627196472138
1065, 0.016234074253588915
863, 0.01619125925935805
1046, 0.0160768338246271
280, 0.016063562012277544
300, 0.01598704169737175
1173, 0.015864802640862763
386, 0.01579669999773614
1242, 0.015765157935675234
583, 0.015760605805553496
415, 0.015555860591121018
845, 0.015547544695436954
25, 0.01544231578009203
1669, 0.015420005656778812
1063, 0.015396112779853866
156, 0.015329116838984191
1617, 0.015284464228898287
775, 0.01524300206801854
892, 0.015201340895146132
1694, 0.015056364063639194
1169, 0.015005623630713671
1051, 0.015005622757598758
108, 0.01421194510476198
282, 0.014170092530548573
1691, 0.014138210855890065
1176, 0.013982641143229557
318, 0.013972491782624274
128, 0.01391829467320349
801, 0.013802296482026577
395, 0.013786376628559083
115, 0.013693253647943493
366, 0.013679069466888905
840, 0.01335456600645557
1022, 0.013344459817744792
1088, 0.013321308884769678
478, 0.013244196132291108
888, 0.013146100282028783
1024, 0.013140770024619997
835, 0.01303402305347845
24, 0.013011866947636008
1560, 0.012931211153045297
272, 0.01292401715181768
446, 0.012866719800513238
154, 0.01277136521821376
319, 0.012652301462367177
1245, 0.01257326829363592
1693, 0.012572819483466446
1020, 0.012479455646825954
588, 0.012463155435398221
1054, 0.012067293049767613
963, 0.012060581240803003
850, 0.011983009055256844
1675, 0.011901611054781824
1672, 0.011889208140928531
578, 0.011840699007734656
715, 0.01181675709085539
365, 0.011789518655859865
1547, 0.011740853515220806
157, 0.01168404080090113
837, 0.011572113784495741
456, 0.011302606959361583
1066, 0.011143441195599735
972, 0.011115621775388718
1681, 0.011053362803068012
1614, 0.011047699546907097
411, 0.01097391010262072
1610, 0.010941105989331845
1237, 0.010909616015851498
453, 0.010814843233674765
941, 0.010790446103783324
445, 0.010749266497441567
1598, 0.01073235209332779
1091, 0.010685600893339142
800, 0.010656408645445481
719, 0.010653556117176777
1541, 0.010647173126926646
859, 0.0105942984810099
140, 0.01056615891866386
1544, 0.01056533947121352
21, 0.010537517926422879
807, 0.010493502486497164
538, 0.010485142876859754
810, 0.010416118137072772
1678, 0.01041517237899825
891, 0.010364234796725214
385, 0.010343400586862117
530, 0.010208337800577283
826, 0.010083189466968179
321, 0.010070036631077528
273, 0.010064412374049425
345, 0.009899530744405638
1233, 0.009887230960885063
1682, 0.009885140520054847
472, 0.009870114852674305
1538, 0.0098418730776757
1008, 0.009840870232437737
457, 0.009839518403168768
887, 0.009824912413023412
1585, 0.009821331012062728
159, 0.009809903967834543
916, 0.009734361374285072
961, 0.009600029443390667
274, 0.009500828746240586
886, 0.009374069981276989
537, 0.009219128405675292
824, 0.009194265003316104
882, 0.009145956253632903
1094, 0.00911229090706911
138, 0.009008632143377326
828, 0.008996346383355558
277, 0.008927393588237464
1017, 0.008902505331207067
966, 0.008796609879937023
346, 0.00877531012520194
320, 0.008758588694036007
1677, 0.00874499644851312
1666, 0.008729004068300128
1226, 0.008709838846698403
968, 0.008676622528582811
1546, 0.008672088908497244
99, 0.008669997172546573
1182, 0.008610084827523679
582, 0.00853551848558709
1058, 0.008478603791445494
1057, 0.008433646115008742
327, 0.008362060063518584
1055, 0.008351408643648028
1246, 0.008329353280714713
470, 0.008313723315950483
1099, 0.008187492840079358
1210, 0.008167492545908317
467, 0.008143504324834794
141, 0.00808535682153888
18, 0.008035078411921859
704, 0.008011430647457018
1177, 0.008008406970475335
542, 0.007969165861140937
455, 0.007955289620440453
1613, 0.00794042638153769
709, 0.007923048920929432
848, 0.007885625323979184
1665, 0.007817639067070559
658, 0.00777181051671505
185, 0.007751831813948229
781, 0.0077410854428308085
1014, 0.007733862672466785
105, 0.007642651704372838
808, 0.007601174991577864
711, 0.007435503997839987
659, 0.007386219862382859
931, 0.007322854769881815
1240, 0.007313477442949079
462, 0.007295900722965598
16, 0.007215134857688099
473, 0.0072123753488995135
1596, 0.007177734369179234
643, 0.007140984285797458
67, 0.007098294481693301
1593, 0.007083812553901225
476, 0.007079384755343199
1584, 0.0070712227607145905
461, 0.0069924742274452
454, 0.006882768007926643
143, 0.006874325037642848
114, 0.006819356309279101
1609, 0.006806378096371191
1213, 0.006513861953862943
940, 0.006509541708510369
541, 0.006506057776277885
337, 0.006493562366813421
384, 0.00640599726466462
1023, 0.006356598052661866
965, 0.006339996150927618
581, 0.006308540629106574
363, 0.006271380290854722
533, 0.006257550776354037
821, 0.006239628768526018
1605, 0.006230891041923314
535, 0.006229480466572568
74, 0.0061448198939615395
1019, 0.006086710722229327
805, 0.0060723924125341
202, 0.006048593691957649
76, 0.006006662075378699
936, 0.006001729241688736
344, 0.005971376958768815
288, 0.005958995956461877
1692, 0.005958269641268998
1015, 0.005933996173553169
536, 0.005930891667958349
960, 0.005925568344537169
443, 0.0059221459669061005
962, 0.005906968668568879
1621, 0.005896732094697654
929, 0.00587742353673093
633, 0.00576310942415148
666, 0.0057510285841999575
1687, 0.005721050052670762
176, 0.0057121326244669035
1205, 0.005651969724567607
96, 0.005631680192891508
967, 0.005617979193630163
591, 0.005609941406873986
933, 0.005475227459101006
466, 0.005472846736665815
1056, 0.005463067878736183
626, 0.005448175230412744
450, 0.00544189487118274
22, 0.005434597434941679
1612, 0.005421984300483018
123, 0.0054189635447983164
809, 0.005416616113507189
1174, 0.005382084913435392
854, 0.005367150588426739
98, 0.005207289024838246
587, 0.0051673178968485445
294, 0.0051614168914966285
540, 0.005158403509994969
1201, 0.005122300237417221
577, 0.005118691653478891
122, 0.0050675679158302955
829, 0.005039393901824951
634, 0.004978698008926585
322, 0.0048462694612680934
1035, 0.004771751890075393
1606, 0.004758814378874376
1600, 0.004736649803817272
712, 0.004729898180812597
1010, 0.004708528169430792
986, 0.004705720231868327
1556, 0.004704308565123938
576, 0.004681955382693559
1229, 0.004623849876224995
971, 0.00460648286389187
1238, 0.004533479892415926
1684, 0.0045259274484124035
1601, 0.004525054479017854
662, 0.004512171522947028
532, 0.004505825490923598
1624, 0.004432885441929102
1043, 0.004419453733135015
359, 0.004418214928591624
1224, 0.0043996319618599955
188, 0.004336400277679786
1602, 0.004320441104937345
1214, 0.004315206941100769
464, 0.004275011368008563
297, 0.004261856141965836
1034, 0.004214104075799696
631, 0.004171346212388016
1591, 0.004150457636569627
935, 0.004138018004596233
1738, 0.004102323640836403
1011, 0.00408210966270417
1603, 0.004074329946888611
452, 0.004070732858963311
1221, 0.004052525895531289
439, 0.004049257811857387
803, 0.004025345231639221
1671, 0.004006613322417252
880, 0.004002925576060079
586, 0.003994735452579334
928, 0.003975125087890774
506, 0.0039158479012257885
1225, 0.003871759559842758
91, 0.003858770138322143
934, 0.003850508597679436
1241, 0.0038013061130186543
31, 0.0037945349176879972
1208, 0.0037889100312895607
1175, 0.0037767519243061543
983, 0.0037709604657720774
1587, 0.0037549601984210312
539, 0.0037217443095869385
980, 0.003716756182257086
186, 0.003697184147313237
906, 0.0036630268732551485
106, 0.0036451112900977023
813, 0.0036341770028229803
305, 0.0036118084972258657
1736, 0.0036025446752319112
1608, 0.003599765943363309
339, 0.0035950105520896614
471, 0.0035617258690763265
632, 0.0035557699302444234
849, 0.003535563009791076
262, 0.003514872951200232
1626, 0.003483174355551455
1615, 0.00344019247131655
830, 0.003430245502386242
1092, 0.003355809923959896
189, 0.003318267554277554
611, 0.0032958388492261292
303, 0.003277868527220562
64, 0.0032683625031495467
1039, 0.003264069266151637
1217, 0.0032536919316044077
1676, 0.0032366909726988524
510, 0.0032032198505476117
1021, 0.003199177808710374
1668, 0.0031547732942271978
638, 0.003154080724925734
121, 0.0031538307084701955
336, 0.0031509121181443334
1619, 0.0030600545869674534
1589, 0.0030559204751625657
89, 0.0030458476176136173
197, 0.003043204254936427
691, 0.0030211855610104976
1009, 0.0030134754488244653
975, 0.003010850865393877
264, 0.0030101549928076565
1171, 0.0030098363349679857
107, 0.0030081674522079993
1599, 0.002999491189257242
90, 0.0029906775744166225
629, 0.002980257024319144
1053, 0.002974957948026713
1622, 0.0029499433876480907
667, 0.002894919743994251
889, 0.0028924568541697226
1578, 0.0028844579373981105
191, 0.0028212545712449355
898, 0.0027914269594475627
111, 0.002781518660412985
1016, 0.002722618606640026
451, 0.0026999706897186115
1611, 0.002695871517062187
313, 0.002694403759960551
1604, 0.0026792196731548756
985, 0.0026688833895605057
988, 0.0026558442041277885
314, 0.002645599626703188
1628, 0.0026278702571289614
1742, 0.002591962300357409
990, 0.0025719645782373846
1607, 0.0025675745418993756
1170, 0.0025625761845731176
1733, 0.0025571572477929294
831, 0.002510695834644139
1183, 0.002493314692401327
1592, 0.0024487180344294757
978, 0.0024403274583164603
505, 0.002437050854496192
323, 0.0023979381512617692
969, 0.0023972038106876425
93, 0.002369005887885578
79, 0.0023671766775805736
1206, 0.0023486702411901206
939, 0.0023405924148391932
75, 0.002324915674762451
120, 0.0023093375839380315
279, 0.002267457137349993
69, 0.0022594702531932853
637, 0.0022445712238550186
1595, 0.002231895392469596
1630, 0.0022218021913431585
449, 0.0021941051818430424
904, 0.002189156599342823
981, 0.002187092228268739
88, 0.0021861880813958123
754, 0.002186102166888304
1686, 0.002158549235900864
324, 0.0021453286171890795
1230, 0.0021389194735093042
147, 0.002130501117790118
1737, 0.0021175367292016745
399, 0.0020927938749082386
94, 0.0020849508582614362
1013, 0.0020727118535432965
117, 0.002054556338407565
1179, 0.0020509943133220077
1103, 0.0020497455334407277
390, 0.00204068205493968
827, 0.002026360423769802
508, 0.002023209666731418
528, 0.001998467283556238
1209, 0.001969351498701144
885, 0.0019669608445838094
95, 0.001958871536771767
1218, 0.001938306202646345
312, 0.001933935534907505
661, 0.0018911541847046465
267, 0.0018878504101849103
17, 0.0018842146964743733
430, 0.0018629339538165368
463, 0.0018567488968983525
270, 0.001820620003854856
258, 0.001819440018152818
504, 0.0017844881313067162
671, 0.001781151360773947
465, 0.0017609609058126807
275, 0.0017224122420884669
1683, 0.0017097802483476698
635, 0.001694899874564726
762, 0.001649960977374576
1627, 0.0016377155770896934
977, 0.0016230475448537618
984, 0.0016220027537201531
543, 0.0016093353042379022
639, 0.0016008628299459815
668, 0.0015942410373099847
501, 0.0015876116376603022
989, 0.0015838030230952427
1227, 0.001542796118883416
656, 0.001512910737801576
908, 0.001511610229499638
83, 0.0014868574071442708
1586, 0.0014797050534980372
268, 0.0014756633172510192
261, 0.0014603702875319868
259, 0.0014493013732135296
1616, 0.0014384157111635432
127, 0.0014381775054062018
1145, 0.0014193496062944178
901, 0.0014051632606424391
498, 0.0013991469459142536
1573, 0.0013987237580295186
1542, 0.001384646886435803
1572, 0.0013509808959497605
1734, 0.001349692465737462
657, 0.0013440764741972089
1168, 0.0013327426604519133
766, 0.0013207719894126058
1730, 0.0013202389473008225
307, 0.0013152968895155936
905, 0.001312617547228001
86, 0.0013113253025949234
81, 0.001268499079742469
448, 0.0012615702507901005
1741, 0.0012572818232001737
459, 0.0012557872250908986
1729, 0.00125339457008522
428, 0.0012297724742893479
1581, 0.0012160500955360476
625, 0.001201441986268037
131, 0.0011948115934501402
1739, 0.0011728379486157792
910, 0.00114272088103462
818, 0.0011377065675333142
112, 0.0011120753406430595
511, 0.0011113189993920969
1231, 0.001089397610485321
899, 0.0010634455757099204
909, 0.0010524203535169363
1136, 0.0010458834522069083
755, 0.0010299318746547215
761, 0.0010224096404272132
387, 0.001020989064272726
1740, 0.0010163908373215236
80, 0.0009763238704181276
895, 0.0009746096293383744
964, 0.0009734361519804224
1062, 0.0009640278803999536
1625, 0.0009453153979848139
1618, 0.0009431266516912729
529, 0.0009416964239790104
579, 0.0009385613375343382
338, 0.0009377434107591398
1594, 0.0009352253182441927
1222, 0.000933274991439248
531, 0.0009221699028785224
195, 0.0009180425549857318
1577, 0.0009171002166112885
1570, 0.0009059638105100021
1180, 0.0009030357650772203
759, 0.0008967249468696536
475, 0.0008713761271792464
304, 0.0008636710845166817
341, 0.0008625530172139406
1574, 0.0008622398272564169
496, 0.0008593309539719485
1731, 0.0008577589032938704
146, 0.0008572949591325596
534, 0.0008490901213917823
66, 0.0008414611802436411
991, 0.0008408541943936143
1582, 0.0008219460087275365
437, 0.0008179353390005417
767, 0.0007990934690269569
1148, 0.0007939888255350525
263, 0.0007915213391243014
760, 0.0007889858643466141
1247, 0.0007874258444644511
118, 0.0007736682164249942
1623, 0.0007469399424735457
911, 0.0007408380042761564
907, 0.0007338943020727129
660, 0.0007237397785502253
68, 0.0007237397785502253
900, 0.000707953568053199
979, 0.0007060586922307266
265, 0.0007056190952425823
982, 0.0007053387780615594
1067, 0.0006793716960373786
1146, 0.0006769491428713081
930, 0.0006751989349140786
1219, 0.0006549961181008257
763, 0.0006336870865197852
507, 0.0006273849260196585
509, 0.0006144645521999337
70, 0.0006078529841033742
1149, 0.0006075701148802182
1576, 0.0006056846323190257
20, 0.0006031164757587248
502, 0.0005978345798212104
11, 0.0005936569373261591
1569, 0.0005901291233385564
1228, 0.0005829915899084881
752, 0.0005768256869487232
1735, 0.0005738343315897509
822, 0.0005685906344297109
987, 0.0005508362664841115
902, 0.0005298878058965784
1583, 0.0005221457304287469
158, 0.0005179497820790857
1151, 0.0005165677494005649
438, 0.0005074673281342257
758, 0.0005030277316109277
113, 0.0004986050189472735
624, 0.0004970972477167379
179, 0.0004903562057734234
378, 0.00048644026537658647
976, 0.00047383577839354984
896, 0.00047039357286848826
9, 0.00046859194571879925
1580, 0.0004661461425712332
1680, 0.00046475140334223397
10, 0.00046010427467990667
416, 0.00045838430378353223
1220, 0.00045259276521392167
1732, 0.00045259276521392167
440, 0.00045185794260760304
257, 0.00044770703243557364
580, 0.00043984859439660795
708, 0.0004342438942330773
1571, 0.00043165552415302955
1223, 0.0004173398556304164
1215, 0.0004079435166204348
422, 0.0003970320649386849
435, 0.0003882584805978695
497, 0.0003852856971207075
13, 0.0003644624703156296
1743, 0.0003639542446762789
1044, 0.00036186988927511266
1579, 0.0003563057293831662
628, 0.0003539767840265995
836, 0.0003539767840265995
151, 0.0003516568626764638
343, 0.00034778968438331503
8, 0.00033633662678766996
1642, 0.00033220492559848935
425, 0.00032783508868305944
373, 0.00032171249949897174
1637, 0.00032104832445156717
14, 0.00032076166826300323
23, 0.0003160158257742296
376, 0.00031069869430666586
152, 0.00030940624310460407
1575, 0.0003049191113859706
15, 0.00030136485656839795
1641, 0.0002925683943431068
1590, 0.00028124292168740794
1695, 0.00028003616171190515
1216, 0.0002741566058830358
256, 0.00027171100646228297
636, 0.0002529375269659795
431, 0.0002521437272662297
382, 0.0002512200981072965
155, 0.0002485047407390084
377, 0.00024612182460259646
1634, 0.0002445054952886494
276, 0.00024124658420987544
1728, 0.00023693641196587123
897, 0.0002342356619919883
1722, 0.0002325434537056026
753, 0.00023028940631775185
3, 0.00022874728892929852
1717, 0.0002247338300236379
1643, 0.00021907040127189248
444, 0.00021092705446790205
757, 0.00020950759790139273
1721, 0.00020479787485783163
6, 0.00020174235146441788
370, 0.00019845617680402938
150, 0.00019726577647816157
1, 0.00019515369376676972
903, 0.00019035046170756686
1568, 0.00018775019816530403
764, 0.00018555823862698162
1644, 0.0001782309300324414
432, 0.00017732410015014466
1537, 0.0001763694453984499
1714, 0.00017115384457611071
1645, 0.0001633233043776272
65, 0.00016212999798881356
1633, 0.0001605169800313888
1723, 0.00015334928184529417
0, 0.0001502036629972281
1631, 0.0001451546315820451
196, 0.00014474795966634701
1724, 0.00012476164647523547
1646, 0.00012159171910752775
1725, 0.00011432631276875327
1713, 0.00011236188970542571
375, 0.000100322041362233
380, 9.911823872243986e-05
379, 9.555115320836194e-05
1640, 9.305489413691248e-05
145, 9.030957244249294e-05
1139, 8.978352707345039e-05
1639, 8.572317278776609e-05
1726, 8.511420128343161e-05
149, 8.215984053094871e-05
434, 7.106144948920701e-05
627, 6.72436838158319e-05
630, 6.717512133036507e-05
1720, 6.51384254979348e-05
1719, 6.000621579005383e-05
381, 5.554804829444038e-05
369, 4.347382491687313e-05
1804, 0.0
1797, 0.0
1798, 0.0
1799, 0.0
1800, 0.0
436, 0.0
1830, 0.0
1801, 0.0
1829, 0.0
1828, 0.0
433, 0.0
1831, 0.0
1833, 0.0
1832, 0.0
1827, 0.0
1834, 0.0
388, 0.0
1835, 0.0
1836, 0.0
1837, 0.0
1838, 0.0
383, 0.0
1839, 0.0
441, 0.0
1796, 0.0
1840, 0.0
1841, 0.0
1842, 0.0
1802, 0.0
1825, 0.0
1826, 0.0
421, 0.0
1809, 0.0
1808, 0.0
417, 0.0
418, 0.0
419, 0.0
420, 0.0
1807, 0.0
429, 0.0
423, 0.0
424, 0.0
1806, 0.0
426, 0.0
427, 0.0
1805, 0.0
1810, 0.0
1811, 0.0
1812, 0.0
1813, 0.0
1814, 0.0
1815, 0.0
1816, 0.0
1817, 0.0
1818, 0.0
1803, 0.0
374, 0.0
404, 0.0
1820, 0.0
1821, 0.0
1822, 0.0
1823, 0.0
1824, 0.0
1819, 0.0
367, 0.0
1843, 0.0
1873, 0.0
1879, 0.0
1878, 0.0
1877, 0.0
1876, 0.0
1875, 0.0
1874, 0.0
1872, 0.0
1881, 0.0
1871, 0.0
1870, 0.0
1869, 0.0
1868, 0.0
1867, 0.0
1866, 0.0
1880, 0.0
1882, 0.0
1864, 0.0
309, 0.0
1893, 0.0
1892, 0.0
1891, 0.0
306, 0.0
1890, 0.0
308, 0.0
1889, 0.0
1883, 0.0
311, 0.0
1888, 0.0
1887, 0.0
1886, 0.0
1885, 0.0
1884, 0.0
1865, 0.0
1863, 0.0
372, 0.0
1847, 0.0
357, 0.0
358, 0.0
1849, 0.0
360, 0.0
361, 0.0
1848, 0.0
364, 0.0
355, 0.0
1846, 0.0
1845, 0.0
1794, 0.0
368, 0.0
1844, 0.0
371, 0.0
356, 0.0
354, 0.0
1862, 0.0
1856, 0.0
1861, 0.0
340, 0.0
1860, 0.0
1859, 0.0
1858, 0.0
1857, 0.0
1855, 0.0
353, 0.0
1854, 0.0
1853, 0.0
1852, 0.0
1851, 0.0
1850, 0.0
352, 0.0
1795, 0.0
1197, 0.0
1793, 0.0
1792, 0.0
1716, 0.0
1715, 0.0
544, 0.0
545, 0.0
546, 0.0
547, 0.0
548, 0.0
549, 0.0
550, 0.0
551, 0.0
552, 0.0
553, 0.0
554, 0.0
555, 0.0
556, 0.0
1718, 0.0
1727, 0.0
1744, 0.0
524, 0.0
518, 0.0
519, 0.0
520, 0.0
521, 0.0
522, 0.0
523, 0.0
525, 0.0
1745, 0.0
526, 0.0
527, 0.0
1749, 0.0
1748, 0.0
1747, 0.0
1746, 0.0
557, 0.0
558, 0.0
559, 0.0
1703, 0.0
1709, 0.0
1708, 0.0
1707, 0.0
1706, 0.0
1705, 0.0
1704, 0.0
1702, 0.0
1711, 0.0
1701, 0.0
1700, 0.0
1699, 0.0
1698, 0.0
1697, 0.0
592, 0.0
1710, 0.0
1712, 0.0
560, 0.0
567, 0.0
561, 0.0
562, 0.0
563, 0.0
564, 0.0
565, 0.0
566, 0.0
568, 0.0
575, 0.0
569, 0.0
570, 0.0
571, 0.0
572, 0.0
573, 0.0
574, 0.0
517, 0.0
516, 0.0
515, 0.0
1770, 0.0
1775, 0.0
1774, 0.0
1773, 0.0
1772, 0.0
468, 0.0
1771, 0.0
1769, 0.0
1777, 0.0
1768, 0.0
1767, 0.0
1766, 0.0
1765, 0.0
1764, 0.0
477, 0.0
1776, 0.0
1778, 0.0
479, 0.0
1787, 0.0
447, 0.0
1791, 0.0
1790, 0.0
1789, 0.0
1788, 0.0
301, 0.0
1786, 0.0
1779, 0.0
1785, 0.0
1784, 0.0
1783, 0.0
1782, 0.0
1781, 0.0
1780, 0.0
1763, 0.0
480, 0.0
514, 0.0
1755, 0.0
500, 0.0
1759, 0.0
1758, 0.0
503, 0.0
1757, 0.0
1756, 0.0
1754, 0.0
1760, 0.0
1753, 0.0
1752, 0.0
1751, 0.0
1750, 0.0
512, 0.0
513, 0.0
499, 0.0
1761, 0.0
481, 0.0
488, 0.0
482, 0.0
483, 0.0
484, 0.0
485, 0.0
486, 0.0
487, 0.0
489, 0.0
1762, 0.0
490, 0.0
491, 0.0
492, 0.0
493, 0.0
494, 0.0
495, 0.0
1894, 0.0
299, 0.0
1895, 0.0
1995, 0.0
1993, 0.0
1992, 0.0
97, 0.0
1991, 0.0
1990, 0.0
100, 0.0
101, 0.0
102, 0.0
103, 0.0
104, 0.0
1989, 0.0
1988, 0.0
1987, 0.0
1986, 0.0
1985, 0.0
1994, 0.0
92, 0.0
2009, 0.0
1996, 0.0
2007, 0.0
2006, 0.0
2005, 0.0
2004, 0.0
2003, 0.0
2002, 0.0
82, 0.0
2001, 0.0
84, 0.0
85, 0.0
2000, 0.0
87, 0.0
1999, 0.0
1998, 0.0
1997, 0.0
1984, 0.0
1983, 0.0
1982, 0.0
1981, 0.0
132, 0.0
133, 0.0
134, 0.0
135, 0.0
136, 0.0
1966, 0.0
1965, 0.0
139, 0.0
1964, 0.0
1963, 0.0
142, 0.0
1962, 0.0
1961, 0.0
1960, 0.0
1959, 0.0
1967, 0.0
130, 0.0
129, 0.0
1976, 0.0
1980, 0.0
1979, 0.0
116, 0.0
1978, 0.0
1977, 0.0
119, 0.0
1975, 0.0
1968, 0.0
1974, 0.0
1973, 0.0
1972, 0.0
1971, 0.0
1970, 0.0
1969, 0.0
2008, 0.0
2010, 0.0
594, 0.0
2033, 0.0
2031, 0.0
2030, 0.0
2029, 0.0
2028, 0.0
2027, 0.0
2026, 0.0
2025, 0.0
2024, 0.0
2023, 0.0
2022, 0.0
2021, 0.0
2020, 0.0
32, 0.0
33, 0.0
34, 0.0
2032, 0.0
2034, 0.0
2011, 0.0
2035, 0.0
2045, 0.0
2, 0.0
2044, 0.0
4, 0.0
5, 0.0
2043, 0.0
7, 0.0
2042, 0.0
2041, 0.0
2040, 0.0
2039, 0.0
12, 0.0
2038, 0.0
2037, 0.0
2036, 0.0
35, 0.0
36, 0.0
37, 0.0
38, 0.0
57, 0.0
58, 0.0
59, 0.0
60, 0.0
61, 0.0
62, 0.0
63, 0.0
2019, 0.0
2018, 0.0
2017, 0.0
2016, 0.0
2015, 0.0
2014, 0.0
2013, 0.0
2012, 0.0
56, 0.0
55, 0.0
54, 0.0
45, 0.0
39, 0.0
40, 0.0
41, 0.0
42, 0.0
43, 0.0
44, 0.0
46, 0.0
53, 0.0
47, 0.0
48, 0.0
49, 0.0
50, 0.0
51, 0.0
52, 0.0
148, 0.0
1958, 0.0
1957, 0.0
245, 0.0
247, 0.0
248, 0.0
249, 0.0
250, 0.0
251, 0.0
252, 0.0
253, 0.0
254, 0.0
255, 0.0
1926, 0.0
1925, 0.0
1924, 0.0
1923, 0.0
260, 0.0
1922, 0.0
246, 0.0
244, 0.0
1956, 0.0
243, 0.0
228, 0.0
229, 0.0
230, 0.0
231, 0.0
232, 0.0
233, 0.0
234, 0.0
235, 0.0
236, 0.0
237, 0.0
238, 0.0
239, 0.0
240, 0.0
241, 0.0
242, 0.0
1921, 0.0
1920, 0.0
1919, 0.0
1918, 0.0
1902, 0.0
1901, 0.0
1900, 0.0
1899, 0.0
1898, 0.0
289, 0.0
290, 0.0
291, 0.0
292, 0.0
293, 0.0
1897, 0.0
295, 0.0
296, 0.0
1896, 0.0
298, 0.0
1903, 0.0
1904, 0.0
1905, 0.0
1914, 0.0
266, 0.0
1917, 0.0
1916, 0.0
269, 0.0
1915, 0.0
271, 0.0
1913, 0.0
1906, 0.0
1912, 0.0
1911, 0.0
1910, 0.0
1909, 0.0
1908, 0.0
1907, 0.0
227, 0.0
226, 0.0
225, 0.0
187, 0.0
171, 0.0
172, 0.0
173, 0.0
174, 0.0
175, 0.0
1948, 0.0
177, 0.0
178, 0.0
1947, 0.0
180, 0.0
181, 0.0
182, 0.0
183, 0.0
184, 0.0
1946, 0.0
170, 0.0
169, 0.0
168, 0.0
1949, 0.0
1955, 0.0
1954, 0.0
1953, 0.0
1952, 0.0
1951, 0.0
1950, 0.0
160, 0.0
167, 0.0
161, 0.0
162, 0.0
163, 0.0
164, 0.0
165, 0.0
166, 0.0
1945, 0.0
1944, 0.0
224, 0.0
1943, 0.0
209, 0.0
210, 0.0
211, 0.0
212, 0.0
213, 0.0
214, 0.0
215, 0.0
216, 0.0
217, 0.0
218, 0.0
219, 0.0
220, 0.0
221, 0.0
222, 0.0
223, 0.0
208, 0.0
1927, 0.0
1928, 0.0
1937, 0.0
190, 0.0
1942, 0.0
1941, 0.0
1940, 0.0
1939, 0.0
1938, 0.0
1936, 0.0
1929, 0.0
1935, 0.0
1934, 0.0
1933, 0.0
1932, 0.0
1931, 0.0
1930, 0.0
593, 0.0
598, 0.0
595, 0.0
992, 0.0
994, 0.0
995, 0.0
996, 0.0
997, 0.0
998, 0.0
999, 0.0
1000, 0.0
1001, 0.0
1002, 0.0
1003, 0.0
1004, 0.0
1005, 0.0
1006, 0.0
1007, 0.0
1319, 0.0
993, 0.0
1320, 0.0
1288, 0.0
1321, 0.0
1336, 0.0
1335, 0.0
1334, 0.0
1333, 0.0
1332, 0.0
1331, 0.0
1330, 0.0
1329, 0.0
1328, 0.0
1327, 0.0
1326, 0.0
1325, 0.0
1324, 0.0
1323, 0.0
1322, 0.0
1318, 0.0
1317, 0.0
1316, 0.0
1012, 0.0
1302, 0.0
1301, 0.0
1300, 0.0
1299, 0.0
1298, 0.0
1297, 0.0
1037, 0.0
1038, 0.0
1296, 0.0
1295, 0.0
1294, 0.0
1293, 0.0
1292, 0.0
1291, 0.0
1290, 0.0
1030, 0.0
1303, 0.0
1028, 0.0
1310, 0.0
1315, 0.0
1314, 0.0
1313, 0.0
1312, 0.0
1311, 0.0
1018, 0.0
1309, 0.0
1027, 0.0
1308, 0.0
1307, 0.0
2046, 0.0
1306, 0.0
1305, 0.0
1304, 0.0
1337, 0.0
1338, 0.0
1339, 0.0
1358, 0.0
1373, 0.0
1372, 0.0
1371, 0.0
1370, 0.0
1369, 0.0
1368, 0.0
1367, 0.0
1366, 0.0
1365, 0.0
1364, 0.0
1363, 0.0
1362, 0.0
1361, 0.0
932, 0.0
1360, 0.0
1374, 0.0
1375, 0.0
1376, 0.0
1385, 0.0
1391, 0.0
1390, 0.0
1389, 0.0
1388, 0.0
1387, 0.0
1386, 0.0
1384, 0.0
1377, 0.0
1383, 0.0
1382, 0.0
1381, 0.0
1380, 0.0
1379, 0.0
1378, 0.0
1359, 0.0
1357, 0.0
1340, 0.0
937, 0.0
956, 0.0
957, 0.0
958, 0.0
959, 0.0
1351, 0.0
1350, 0.0
1349, 0.0
1348, 0.0
1347, 0.0
1346, 0.0
1345, 0.0
1344, 0.0
1343, 0.0
1342, 0.0
1341, 0.0
955, 0.0
954, 0.0
953, 0.0
944, 0.0
1356, 0.0
1355, 0.0
1354, 0.0
1353, 0.0
1352, 0.0
943, 0.0
945, 0.0
952, 0.0
946, 0.0
947, 0.0
948, 0.0
949, 0.0
950, 0.0
951, 0.0
1289, 0.0
1287, 0.0
1393, 0.0
1142, 0.0
1144, 0.0
1251, 0.0
1250, 0.0
1147, 0.0
1249, 0.0
1248, 0.0
1150, 0.0
1244, 0.0
1152, 0.0
1153, 0.0
1154, 0.0
1155, 0.0
1156, 0.0
1157, 0.0
1158, 0.0
1143, 0.0
1141, 0.0
1286, 0.0
1140, 0.0
1124, 0.0
1125, 0.0
1126, 0.0
1127, 0.0
1128, 0.0
1129, 0.0
1130, 0.0
1131, 0.0
1132, 0.0
1133, 0.0
1134, 0.0
1135, 0.0
1252, 0.0
1137, 0.0
1138, 0.0
1159, 0.0
1160, 0.0
1161, 0.0
1162, 0.0
1200, 0.0
1199, 0.0
1198, 0.0
1184, 0.0
1185, 0.0
1186, 0.0
1187, 0.0
1188, 0.0
1189, 0.0
1190, 0.0
1191, 0.0
1192, 0.0
1193, 0.0
1194, 0.0
1195, 0.0
1202, 0.0
1203, 0.0
1204, 0.0
1239, 0.0
1163, 0.0
1164, 0.0
1165, 0.0
1166, 0.0
1167, 0.0
1243, 0.0
1236, 0.0
1207, 0.0
1235, 0.0
1172, 0.0
1234, 0.0
1232, 0.0
1212, 0.0
1211, 0.0
1123, 0.0
1122, 0.0
1121, 0.0
1084, 0.0
1269, 0.0
1069, 0.0
1070, 0.0
1071, 0.0
1072, 0.0
1073, 0.0
1074, 0.0
1075, 0.0
1076, 0.0
1077, 0.0
1078, 0.0
1079, 0.0
1080, 0.0
1081, 0.0
1082, 0.0
1270, 0.0
1271, 0.0
1272, 0.0
1279, 0.0
1285, 0.0
1284, 0.0
1283, 0.0
1282, 0.0
1281, 0.0
1280, 0.0
1278, 0.0
1273, 0.0
1277, 0.0
1059, 0.0
1060, 0.0
1276, 0.0
1275, 0.0
1274, 0.0
1083, 0.0
1085, 0.0
1120, 0.0
1086, 0.0
1105, 0.0
1106, 0.0
1107, 0.0
1108, 0.0
1109, 0.0
1110, 0.0
1111, 0.0
1112, 0.0
1113, 0.0
1114, 0.0
1115, 0.0
1116, 0.0
1117, 0.0
1118, 0.0
1119, 0.0
1104, 0.0
1253, 0.0
1254, 0.0
1263, 0.0
1087, 0.0
1268, 0.0
1267, 0.0
1266, 0.0
1265, 0.0
1264, 0.0
1262, 0.0
1255, 0.0
1261, 0.0
1260, 0.0
1259, 0.0
1258, 0.0
1257, 0.0
1256, 0.0
1392, 0.0
1394, 0.0
596, 0.0
694, 0.0
1524, 0.0
1523, 0.0
698, 0.0
699, 0.0
700, 0.0
1522, 0.0
1521, 0.0
703, 0.0
1520, 0.0
1519, 0.0
1518, 0.0
1517, 0.0
1516, 0.0
1515, 0.0
1514, 0.0
1525, 0.0
693, 0.0
749, 0.0
692, 0.0
677, 0.0
678, 0.0
679, 0.0
680, 0.0
681, 0.0
682, 0.0
683, 0.0
684, 0.0
685, 0.0
686, 0.0
687, 0.0
688, 0.0
689, 0.0
690, 0.0
1526, 0.0
1513, 0.0
1512, 0.0
1511, 0.0
1510, 0.0
733, 0.0
734, 0.0
735, 0.0
736, 0.0
737, 0.0
738, 0.0
739, 0.0
740, 0.0
741, 0.0
742, 0.0
743, 0.0
744, 0.0
745, 0.0
746, 0.0
747, 0.0
732, 0.0
731, 0.0
730, 0.0
721, 0.0
1509, 0.0
1508, 0.0
1507, 0.0
1506, 0.0
1505, 0.0
720, 0.0
722, 0.0
729, 0.0
723, 0.0
724, 0.0
725, 0.0
726, 0.0
727, 0.0
728, 0.0
676, 0.0
675, 0.0
674, 0.0
1655, 0.0
1679, 0.0
1670, 0.0
1667, 0.0
618, 0.0
619, 0.0
620, 0.0
1664, 0.0
1663, 0.0
623, 0.0
1662, 0.0
1661, 0.0
1660, 0.0
1659, 0.0
1658, 0.0
1657, 0.0
614, 0.0
613, 0.0
612, 0.0
603, 0.0
597, 0.0
1196, 0.0
599, 0.0
600, 0.0
601, 0.0
602, 0.0
604, 0.0
1696, 0.0
605, 0.0
606, 0.0
607, 0.0
608, 0.0
609, 0.0
610, 0.0
1656, 0.0
1654, 0.0
673, 0.0
1653, 0.0
1635, 0.0
1632, 0.0
1620, 0.0
1588, 0.0
1540, 0.0
1535, 0.0
1534, 0.0
1533, 0.0
1532, 0.0
1531, 0.0
1530, 0.0
1529, 0.0
1528, 0.0
1527, 0.0
672, 0.0
1636, 0.0
655, 0.0
1638, 0.0
642, 0.0
1652, 0.0
1651, 0.0
1650, 0.0
1649, 0.0
640, 0.0
641, 0.0
1648, 0.0
652, 0.0
644, 0.0
645, 0.0
646, 0.0
1647, 0.0
650, 0.0
651, 0.0
748, 0.0
750, 0.0
1395, 0.0
1429, 0.0
1427, 0.0
1426, 0.0
1425, 0.0
1424, 0.0
1423, 0.0
1422, 0.0
851, 0.0
852, 0.0
1421, 0.0
1420, 0.0
855, 0.0
1419, 0.0
1418, 0.0
1417, 0.0
1416, 0.0
1428, 0.0
1430, 0.0
751, 0.0
1431, 0.0
1446, 0.0
1445, 0.0
1444, 0.0
1443, 0.0
1442, 0.0
1441, 0.0
1440, 0.0
1439, 0.0
1438, 0.0
1437, 0.0
1436, 0.0
1435, 0.0
1434, 0.0
1433, 0.0
1432, 0.0
1415, 0.0
1414, 0.0
1413, 0.0
1412, 0.0
1409, 0.0
1408, 0.0
884, 0.0
1407, 0.0
1406, 0.0
1405, 0.0
1404, 0.0
1403, 0.0
1402, 0.0
1401, 0.0
1400, 0.0
1399, 0.0
1398, 0.0
1397, 0.0
1396, 0.0
1410, 0.0
1411, 0.0
879, 0.0
870, 0.0
864, 0.0
865, 0.0
866, 0.0
867, 0.0
868, 0.0
869, 0.0
871, 0.0
878, 0.0
872, 0.0
873, 0.0
874, 0.0
875, 0.0
876, 0.0
877, 0.0
825, 0.0
1447, 0.0
823, 0.0
1478, 0.0
1488, 0.0
771, 0.0
772, 0.0
773, 0.0
1487, 0.0
1486, 0.0
776, 0.0
777, 0.0
778, 0.0
1485, 0.0
1484, 0.0
1483, 0.0
1482, 0.0
1481, 0.0
1480, 0.0
1489, 0.0
1490, 0.0
1491, 0.0
1499, 0.0
1504, 0.0
1503, 0.0
1502, 0.0
1501, 0.0
756, 0.0
1500, 0.0
1498, 0.0
1492, 0.0
1497, 0.0
1496, 0.0
1495, 0.0
1494, 0.0
1493, 0.0
765, 0.0
1479, 0.0
1477, 0.0
1448, 0.0
788, 0.0
1459, 0.0
1458, 0.0
1457, 0.0
1456, 0.0
1455, 0.0
1454, 0.0
1453, 0.0
1452, 0.0
1451, 0.0
816, 0.0
817, 0.0
1450, 0.0
819, 0.0
820, 0.0
1449, 0.0
1460, 0.0
1461, 0.0
804, 0.0
1470, 0.0
1476, 0.0
1475, 0.0
1474, 0.0
1473, 0.0
1472, 0.0
1471, 0.0
1469, 0.0
1462, 0.0
1468, 0.0
1467, 0.0
1466, 0.0
1465, 0.0
1464, 0.0
1463, 0.0
2047, 0.0
