Hessian ranking (max sum eigenvector components) for model (param idx, rank)
1, 0.8976533884223534
34, 0.8457619412751588
742, 0.6328889126324015
741, 0.5226877525095028
9, 0.5155599783341704
3, 0.45372212472427065
0, 0.4522759163929968
22, 0.4138540269942841
68, 0.38548596200416796
870, 0.3728427657270418
11, 0.3340165226469864
149, -0.3087805180668678
737, 0.29835502230153355
25, 0.2601610880979766
866, 0.2473761223741141
36, 0.23872612610393187
482, 0.22923758462387422
33, 0.19444760894938323
858, 0.18963954554712514
44, 0.1853947405895573
13, 0.16689507870267306
868, 0.16051456062480318
726, -0.1536156259496546
789, -0.14301137711948003
919, 0.1366552315290983
869, 0.13601615440430273
276, 0.13555661268060384
60, 0.12031815377905633
910, 0.11223395972897798
1762, 0.11147219053640425
852, 0.10780703434690316
31, 0.10711880982188715
1121, 0.10328721093745774
864, 0.10119774249480706
480, 0.09652474193460914
887, 0.09638424841894513
994, 0.09632104395306151
30, 0.09520634759662627
372, 0.09388870437450875
279, -0.09260431432534663
358, 0.09096886777151714
1122, 0.08873517935686598
1250, 0.08864205248753497
357, 0.08845925304203209
990, -0.08815895865183442
1634, 0.08691321479898248
4, 0.08674349055844255
878, 0.08630981239994107
996, -0.08623546143451805
277, -0.08296839994718488
911, -0.08075880288987716
477, -0.08068278763701842
906, -0.08035345277745408
998, 0.07826316655087553
720, 0.07697076620475547
225, 0.0766432058626418
1637, 0.0748876684293968
1253, 0.07385094316901517
275, 0.07298500560566831
404, 0.07225963072411692
847, 0.07176104705967466
52, 0.07020342208641794
873, 0.06953283961145489
354, 0.06680758212473242
661, -0.06588555513950713
20, 0.06572730535958737
905, 0.06520656593178896
932, 0.06417228244031473
863, -0.06393017869153622
1173, -0.0635938105768734
407, 0.06342227223526425
389, -0.06206523051125457
1761, 0.061595954369521616
478, -0.05935239079380655
862, -0.05520209985707054
405, -0.055167158044350906
420, -0.054431094387424106
1615, 0.05221830949043953
1633, 0.05213367612238562
915, 0.05180693066452102
1120, -0.051535809087827955
997, 0.05151217903584762
861, -0.05077061238295305
387, 0.0500381124139089
846, 0.04989494967530134
2, -0.04970921604732351
851, 0.04760732796171291
999, 0.04655394411748494
485, 0.04644593915728291
1117, 0.0458546670454322
1765, 0.04540696599523586
102, 0.045219982953503615
421, -0.04424196648663446
12, 0.04380852863682566
857, 0.04374795905614659
1629, 0.04314042056345001
1757, 0.042808014202804834
774, 0.040557834884360267
840, -0.04014763634127092
883, -0.0390886729733691
736, -0.038860007090746745
925, 0.038477558599871925
986, 0.03717853966899547
1627, 0.036886279129430474
1636, 0.03641114987128463
1113, 0.036140149307691265
422, -0.03543999774088473
419, -0.035260109503656226
356, -0.03498133570055259
355, 0.034018664280411025
1045, -0.034008635441557356
928, -0.032623973692882224
209, -0.03245050077368278
486, 0.032026084418072934
735, 0.03195370414490989
867, -0.03045876363624908
917, -0.030400083390072663
51, 0.030278665568556663
1171, -0.030192818117343187
871, -0.029876918466948295
985, -0.029861348811823736
474, 0.029741503594541384
1273, 0.02959177992894229
1617, -0.029169891417008653
1746, -0.028624128332809973
992, 0.027017075051916473
366, 0.026825610103989754
28, 0.02632535167653441
42, -0.026196368227484335
409, 0.0258066499248047
1245, 0.0257716846345089
414, 0.02559714896804846
688, -0.025572105396105743
1631, 0.02549428042962487
1108, 0.025146050296683074
375, 0.024809129621366714
874, -0.024413321493698573
229, 0.024312673034990698
1103, -0.023650490521056194
859, -0.023489867280692498
1621, -0.023326995867533583
879, -0.023163920218015544
32, -0.02282260060051159
991, -0.022539744411796837
935, 0.02223516179535267
1249, 0.022184448599403883
265, -0.02215391339557971
787, -0.02205627589444892
1685, -0.021896272082480083
374, -0.021895694691236242
469, -0.021888702087286774
270, 0.021445030605595106
216, 0.021371757023555593
1301, -0.021066892331605833
988, 0.020085738199446812
1172, -0.0198602275983873
150, -0.019809811181471196
1086, 0.019751615599696994
473, 0.01915240070262599
475, -0.019112325645119475
719, -0.0189736932350524
1632, -0.01871557594941703
660, -0.017522292721269855
437, -0.017423890010989665
457, 0.017346333990782035
790, 0.017215348573559247
198, -0.017132692889481112
271, 0.017116538716884747
1628, 0.01691057066284335
101, 0.016535152486979232
196, 0.016514007658109287
654, 0.016299555787373708
182, 0.016160623064227365
856, 0.01613393306554766
143, -0.01595686103508863
1764, 0.015921216247875375
213, -0.015851634419049895
359, -0.01529381808554815
1124, 0.014996822572110723
694, -0.014823162537922064
390, -0.014629556761363585
93, -0.014556448515993924
212, 0.014502675380552426
1624, 0.014308155970903513
933, -0.014228904162567994
842, -0.014091269082922877
406, -0.013698941426836368
782, -0.013685641464471994
855, -0.01365393941015845
721, -0.013651010833016274
1091, 0.013592573583855044
479, -0.01350111075720025
1656, -0.013419858929238207
1753, 0.01337709451637573
609, 0.013343472875867228
231, 0.013289714800568566
397, 0.013079035419935523
687, 0.013058423751875381
768, -0.013049754668664475
257, 0.013022698597913648
884, -0.012926651853613774
788, 0.012794868170702415
1639, 0.012733560997022834
1701, 0.012334905641750597
1135, -0.012216417213314172
1620, 0.012188464514412078
97, 0.01196944722187068
1668, 0.0118417211594532
423, 0.011742473326730868
466, -0.01163346590987856
394, 0.011608303243231494
604, 0.011557424686932626
955, 0.011382356132309146
65, 0.011378647137256562
953, 0.011334506026292337
546, -0.011326670735858288
483, 0.011260769402561419
1169, 0.011209801421884238
776, 0.011075213721051365
1689, 0.011066153773182506
19, 0.011045460369344421
1610, 0.010893656700258502
27, 0.010795201386337383
777, 0.010671858772509799
900, -0.010653626636024503
484, -0.010641858699303373
401, 0.010339416396023468
349, -0.010276631595977295
103, 0.010270479423138412
1047, -0.010180140631780861
278, 0.010172845606883807
1055, 0.010171647076008386
1763, 0.010119574031931741
145, -0.009987401544751388
918, 0.009975243992860892
1756, 0.009954759549784128
1623, 0.009865534642044378
1140, 0.009852623644747368
693, 0.009684811019913815
49, 0.009465941410350311
966, 0.00945647500884772
377, 0.009369313312686672
183, 0.009302848742096468
215, 0.009249046669430444
1038, -0.009241591067526754
472, 0.009110619754787396
1305, -0.009099694035329259
533, -0.009089574270073827
1129, 0.009040648370852635
543, 0.009011789002491305
517, 0.008874258319922602
1118, -0.008847858795710714
1170, 0.00878267691415351
1657, 0.008762580557574872
1750, 0.008639327996360472
1114, -0.008509497090385655
541, 0.008353564900597348
689, 0.008340977564301634
1112, 0.008213682341833365
100, -0.008171375580735551
46, 0.008169923886347562
1744, 0.008112500710911567
465, 0.008111952865483007
1095, 0.008100091122506365
1097, -0.008075914443977358
144, -0.008071472742557994
1669, -0.007983153472835165
463, 0.007982166316398073
1748, 0.007980906401077837
655, 0.007913800941990165
500, 0.007860415715445506
168, 0.007857255142363153
1107, 0.007838226330085171
1119, 0.007748231794123518
613, 0.007743769870992534
37, 0.007685849394422094
1738, 0.0076595877732019806
1241, 0.007622069218108085
266, 0.007619503762180379
402, -0.007592067745029004
778, -0.0075172458368457295
399, -0.007460017448179125
854, 0.007427202186791362
369, 0.007423709305564605
403, -0.007421283532508287
171, 0.007299546062639439
1678, -0.007291537180620207
468, -0.007284807722009325
514, 0.007201395793097013
148, -0.007178346614627587
920, -0.007097915991286176
352, 0.007038792824167009
614, 0.007038043877937448
197, -0.0070273274294872685
602, 0.006992417827345221
1081, -0.006981739409190649
904, -0.00696888028096727
261, -0.006856843605237686
228, -0.006829083795836577
958, 0.006772812713757688
987, -0.006718361808070722
930, -0.006716844874735875
659, 0.00668555672458486
649, 0.006608293077702965
532, 0.006579663560596695
181, -0.006559201535893868
769, -0.006500020835755089
783, 0.0064463137497882406
995, 0.006366873099234766
791, -0.00635366726593994
481, 0.006301340078049736
346, 0.006277428218685703
1630, 0.006267368926350197
703, -0.006230878235206842
1760, 0.006163967658801376
41, 0.006065176187648014
535, 0.006051070889563094
989, -0.006039651976948481
896, 0.006028941911186423
393, -0.005930413044388764
1611, 0.005920844599218454
964, -0.005896532021621506
872, 0.005891213451492124
26, 0.005814381505063327
1138, -0.005794693894079182
210, 0.005776822605897462
1160, -0.005758482540613235
1125, 0.005723206128040986
382, 0.005697707526938489
470, -0.005670374110655718
959, 0.005663038073682862
1162, 0.005609163351562307
1665, 0.00559675332131182
1754, -0.005582479513289136
40, -0.005575072599300375
1683, -0.005541071574871742
347, -0.005533521141548016
400, 0.005518972946669218
461, -0.005510935659439809
934, 0.005432511485775027
264, 0.005364733547819623
152, 0.005352508195537555
1670, -0.00534166574409143
963, -0.0053103718613713964
1242, -0.00520422369438533
984, -0.0051769721987084925
1033, -0.005145754895301018
487, 0.005113371232511335
418, -0.005093778110983182
1626, -0.005054164609777905
90, 0.005038885218074687
527, 0.004901733167402735
376, -0.004870426608407355
1619, 0.0048597714564612106
96, -0.004788274172284092
1165, 0.004758972553646691
350, 0.004724418584188831
1289, 0.004719247532348202
1278, 0.004716717217929812
786, -0.00453433888265078
1133, -0.004508106076050215
912, 0.004501244453226986
515, -0.004443267083540892
98, 0.004394191255175047
784, 0.00436015391894521
1811, 0.004334918045873104
1687, -0.004315047413944799
1168, -0.004274178531072481
1310, -0.0042635322722131466
1658, 0.004259985187008146
411, 0.004252159677825811
1813, -0.004234938258746157
662, -0.0042105346748802465
59, 0.004166495332720236
1014, 0.004135548886992713
1126, -0.004128994686010531
1679, -0.004067304098013006
1104, -0.004040897413856081
898, 0.004006042052458927
263, -0.0040013676900027065
1134, 0.003940981125660907
1747, -0.003916399063388788
456, -0.003911229671697181
260, -0.003897458905406323
434, -0.003873567025504598
417, 0.0038663450661466435
701, 0.003844246557176188
258, -0.003652254995461354
273, 0.003597157020189864
139, 0.0035922138919821907
548, -0.0035814995032093858
542, 0.0035476837371883545
187, -0.003538846954443009
1248, 0.0034917413999971092
1625, 0.003480191947168809
408, -0.0034090471030684064
1314, -0.003391732861845473
1002, -0.0033901262437313756
1080, -0.0033794413313098445
1673, -0.003370052820172914
709, -0.003350409445979874
909, -0.003308365190882208
536, 0.0032929328406504214
1741, 0.0032808429259424884
1635, -0.0032690353389685854
899, 0.003258552659186568
886, 0.0032102681886673743
865, -0.0032046104426185044
10, 0.003199912018108453
529, -0.003190315032698079
1309, -0.0031838420981948187
1317, 0.0031814271190570777
1034, -0.003169057003178803
180, -0.0031569538266333665
1167, 0.003134477758956937
1251, -0.003074683392585418
353, 0.0030430530098180947
344, 0.0030167482151627896
416, -0.003015221678665642
1130, 0.0029613199824966253
885, -0.0029149473156238627
537, -0.002894380518211841
1082, -0.002829851943255046
893, 0.0028264457120173976
732, 0.0028191865217212578
1667, -0.00280944767385871
525, 0.0027958989542999613
743, 0.0027561325029291216
1161, -0.0027271876583183008
1700, -0.00271299112557518
1243, 0.0026919281755866257
1684, 0.0026738198531536597
379, -0.0026598753985108926
612, -0.002659528430594563
1163, -0.0026592597042789626
1175, -0.0026561178818596395
345, -0.0026521414746257695
1166, 0.0026246933029469757
767, -0.00260458568915035
1277, 0.0026043531027540863
53, -0.0026037919842529698
1622, 0.002574462797731712
151, 0.002573426667888375
1695, 0.0025522597807990737
1006, -0.0025424339857697126
1101, 0.002539272993028907
464, 0.002538536977374946
1638, -0.0025199926548250123
841, -0.0025155039243776605
226, 0.0025135573210752723
398, 0.002492630447581438
1618, -0.002491987223902558
1044, -0.0024894518478075223
967, -0.0024735031809004927
1087, -0.002462498956198359
1037, -0.0024382358990362616
92, 0.002434389257867365
388, -0.0024103981875833735
530, 0.002408338930083671
1641, -0.0024018902810687753
17, 0.002392190238705949
545, 0.002363743461859923
1693, 0.002343355035568799
960, -0.002338879715031092
163, -0.0023198408460772943
1012, -0.0023017520416893753
1096, 0.0022872691865110997
1127, 0.00228134681885858
1801, -0.002240041913906217
916, 0.0022361323355357954
901, 0.002234494340204827
521, -0.0022234257332097405
1312, 0.0021637740555809468
1252, 0.002148413036026073
178, -0.0021408133268099564
697, 0.0021348033163144636
177, -0.002124793699495524
648, 0.0021157720238640107
1060, -0.0021146009526669266
1755, 0.002113314368712001
395, -0.002105595562667227
962, -0.002084311482666047
978, -0.002063000268616157
1646, -0.002047681955656966
1208, -0.002036197444515008
1293, -0.002011302312791139
1745, 0.002009002834382139
534, 0.00200600573600173
730, 0.00199982233329759
1105, 0.0019904293614875657
518, 0.001976655044577123
1664, 0.0019629828501247504
781, 0.001948597541516659
611, 0.0019455491421921452
1174, 0.0019391748301201715
921, 0.0019369688826819005
607, 0.001910494786397333
839, 0.0019036004410870836
583, 0.0018734281428526565
1046, 0.0018506375112299304
907, 0.001845154035841969
1298, 0.0018414123580892147
502, -0.0018365478414868628
1303, 0.0018357696349622227
657, -0.0018335725872715872
1042, 0.0017987086780771808
1280, 0.0017825081933364418
272, -0.0017764552834580684
166, -0.001758291033365615
615, 0.0017356509347710332
1737, 0.0017194740305428828
715, -0.0017143288758501968
1221, -0.0017093571727228576
725, -0.0017031921765849306
663, 0.001688683068437522
1000, -0.0016871867816337966
1690, 0.0016785531102640099
1123, -0.001663609412164247
881, 0.0016374132313888567
99, 0.0016367097869431995
538, 0.0016279245758347852
392, -0.0015991690446447875
384, 0.0015954539520213577
351, -0.0015939741214430689
8, 0.0015919724815850892
1613, -0.0015896368915255142
462, -0.0015864526866972233
1663, -0.0015712751140030342
1319, 0.0015697986456793753
1254, -0.0015621301189148364
1098, 0.0015460494876901056
184, -0.0015404043225365094
1286, -0.0015353039602708715
929, -0.0015315132182900188
980, -0.0015296630765331853
1164, -0.0015209157996141096
1116, 0.0015180452209136391
1007, 0.0015027299298667669
385, -0.0014920595227978003
531, 0.00146225984891526
779, -0.0014551707663805835
1290, -0.001447608892144734
1766, -0.0014372140130774948
773, 0.0014202440269246973
195, -0.0014143906309326947
24, 0.0014120949291737941
58, 0.0014061904330770678
1217, -0.0014040920549611789
1128, -0.0013983883024117911
329, 0.0013846955086977773
1092, 0.0013813671235100202
1010, -0.0013706349428730274
832, 0.0013686092576073727
610, -0.0013611475242762457
161, -0.001359689975621409
606, -0.0013443930254290692
1053, 0.001343490935563445
922, 0.0013239050148709363
605, -0.001314645114987658
1688, -0.0013001129899986729
21, 0.001283150250709426
1682, -0.0012831343402997931
1644, 0.001276173628008266
431, 0.0012646461215373023
738, -0.0012631903075527892
199, 0.0012576161710949
890, 0.0012562529543356238
269, -0.0012501861318548297
142, -0.0012480889002295925
509, -0.0012479659305579798
1810, 0.001234235281167582
396, -0.0012246866977544566
882, -0.001218232863478435
952, 0.0012115386055897592
200, -0.0012105389659835641
192, 0.0012019419170286028
658, 0.0011952311211523153
539, 0.0011894333254110867
57, 0.0011891997645527047
1715, -0.001184322471060986
1247, 0.0011760947227749258
165, -0.001168758738100436
219, 0.0011583565852293755
1300, 0.0011494283573727673
728, 0.001148393938929164
731, -0.0011383710938444973
1759, 0.0011317824549727283
1085, 0.0011243021700936603
1749, -0.0011145753433815739
1036, 0.001114410750068599
544, -0.0011092701132309748
1011, 0.001104204348146943
973, 0.0011019936827111226
926, 0.0010989543974891294
458, -0.0010933815618246827
1691, 0.0010908756788740063
580, 0.0010741675478192353
578, -0.0010736094075409685
230, 0.001066980528937793
1136, -0.0010588373532213551
160, 0.0010562166457435981
348, 0.0010454395503689544
1616, -0.0010446753891505288
471, -0.0010262753250518813
503, 0.0010137998789309238
983, 0.0009988765730267843
1318, 0.0009944898589031854
274, 0.000979647734609334
467, 0.000977679423107625
931, -0.0009767739454618549
710, 0.0009755526591459597
497, 0.0009675380958103998
78, 0.000949435659510803
706, 0.0009376924109557579
1223, 0.0009375350518316224
1675, 0.0009276670042120388
1805, -0.0009219883537776631
827, 0.0009217979400045759
650, -0.0009187105746508463
1671, 0.0009127456387448287
573, 0.0009125000259241583
914, 0.000907409698217464
975, -0.0008956410231100015
1240, 0.0008877793922327307
1743, -0.0008815235127879861
601, 0.0008754892859208581
993, -0.0008739782247854099
1139, -0.0008669259380310753
853, -0.0008658787860548673
1043, 0.0008598539111401391
1609, 0.0008550703299711237
830, 0.0008479105410717465
153, -0.0008471318822361661
711, -0.0008464663495046196
1106, -0.0008458315892367988
167, 0.0008425263529966264
1285, -0.0008413879102032185
328, 0.0008408883067595425
1740, 0.0008383242588537965
979, -0.0008345607184985876
1001, -0.0008329120869209961
1717, -0.0008289063196360784
342, 0.0008259348461146407
656, -0.0008095391220738412
91, 0.0007913605329187416
526, -0.0007891956124025137
360, 0.0007882329130181422
1050, 0.000788010978669455
550, -0.0007867629955159358
1061, -0.0007825441239316844
1137, 0.0007782939885435443
1297, -0.0007670322795050098
1282, -0.0007652170810104827
146, 0.0007647179871433682
1094, -0.0007611886222680278
331, 0.0007584292435352577
763, 0.0007577313432930554
248, 0.0007552852349821653
696, -0.0007529033112298811
970, 0.0007496695526468464
5, 0.0007480578826335525
1694, 0.0007476321339184027
1797, -0.0007472443095015466
340, -0.0007459750081002924
1674, 0.0007402165244368836
582, -0.0007364347639684183
1681, 0.0007344772539282412
494, -0.0007149795970096286
785, -0.0007142012054326874
339, 0.0007053903333471491
189, -0.0007045035584547241
1677, 0.0006970309221325695
965, 0.0006952649383979719
740, -0.00069483995823205
600, -0.0006919980164899763
608, -0.0006826448034215468
1035, 0.0006821974055255735
1054, 0.0006732784226345058
1702, 0.0006731139085401259
335, -0.0006514213187499836
1709, 0.0006507614116121455
1705, 0.0006485402703349018
1057, 0.0006447499059259354
1807, 0.0006410548387313086
739, 0.0006397782035189698
877, 0.0006379917588051588
836, -0.0006365908240162536
1299, -0.0006362548536223631
880, -0.0006283155621831049
386, 0.000622905983530938
1089, 0.0006223510604699469
1040, 0.0006143354708943567
86, -0.0006087208996474222
267, -0.0005969046055752827
833, -0.00059492836273972
961, 0.000577428908680376
1115, 0.0005731241162492839
1642, 0.0005717688099485572
162, 0.0005704406046978894
83, 0.0005680697354876259
1652, 0.0005674747058323285
1288, -0.000559936567362272
170, 0.0005527684092067912
902, 0.000552248197715524
1608, -0.0005510829376152173
734, -0.0005417716694065405
1649, 0.0005408041761060644
1814, -0.000540641944911388
1246, 0.000538411309394943
1808, -0.0005357991554399084
913, -0.0005325332970952561
1032, 0.0005257422799443351
1313, -0.000525726793079523
1648, 0.0005237194512240331
1672, 0.0005201717425163809
1063, 0.0005161369856118338
834, 0.000510824228090386
1703, -0.0005077286770883045
969, 0.0005071033201591825
971, 0.0004889844074381813
1812, 0.0004863977651727846
1650, -0.00048168696594706945
1647, -0.0004793949204762307
1041, 0.00047658902835842187
569, 0.00047455958636401837
251, 0.00046710510535692544
1083, 0.00046463945054686477
1294, 0.00046315825153761715
1003, -0.00045859337592290975
1698, -0.0004546272052567065
1699, -0.00045439284697615205
1058, -0.00045335496888835344
704, 0.00044880060197908394
1287, 0.00043761015254497595
1255, 0.00043583995866479207
147, -0.0004334680290621263
1796, 0.00043331775668593
333, 0.0004329384659362544
954, -0.0004292235521410597
1052, -0.00042464732058256354
194, 0.0004220416725745382
653, 0.00042158061706530853
1714, 0.00042124141635298734
445, 0.00040900086430142207
1661, -0.00040813858131594124
520, 0.0004067193788867356
1785, 0.0003967908974033329
1220, 0.00039181017917016203
1008, 0.0003850212336472437
435, -0.000384627979620472
698, -0.0003814105379117458
140, -0.0003717516721598097
875, 0.0003716981007452157
1281, 0.0003716875358505422
334, -0.00037066338740684307
48, -0.0003688234359987422
1614, 0.0003679457307758318
224, -0.0003633632800365802
186, 0.0003625458023845549
1767, -0.0003620035550343532
1645, 0.00035620790920886086
683, -0.00035587155245210116
516, -0.0003491867081415757
85, -0.000348522742982788
1088, -0.00034547961807419696
415, -0.0003449083303276872
976, 0.00034455432006315025
523, -0.0003443906985721771
179, -0.00034413319753650706
217, 0.0003397030043077456
651, -0.0003389693185412334
39, -0.00033383534512756356
829, 0.00033222142319125824
1697, -0.00032778387846424644
1059, 0.0003255818118457171
1806, -0.0003183443112992262
1696, -0.0003177140690195932
977, 0.0003164880735934972
218, 0.0003159643186996778
547, -0.0003140203832091008
568, 0.00031268273895160227
1752, -0.00031254626367240506
227, 0.0003093564941113197
1093, 0.0003062027707959336
1111, 0.000305561694694732
193, 0.00030384261278738585
80, 0.0002980767691818053
1758, -0.0002968095623730562
1655, -0.0002967253905720581
528, -0.0002937625554496056
579, -0.0002919257891054562
141, 0.0002891819104045929
488, 0.00028654034033790787
1666, 0.0002861111432313566
1296, 0.00028083425618247464
570, 0.00026573321640822525
1013, -0.000265185068481169
705, -0.0002629906315906957
89, 0.00025968385567891225
1640, -0.00025913139718935786
190, -0.0002584503134916762
1809, 0.0002535519994543026
158, -0.00025321521329128946
522, 0.00025100088619836765
972, 0.0002496649498879818
1062, 0.0002494184522880053
94, -0.00024497371630731565
330, 0.00024409127652726093
1713, 0.00024309381754680846
410, 0.00024093838980310492
1802, -0.0002371035063408755
73, -0.00023416247115904483
1039, 0.00023071159337808244
576, 0.00022850800671746744
1653, 0.00022662389684716258
982, 0.00022452089869218463
1005, -0.00021584055677325106
1718, 0.00021366403246412104
826, -0.00020763087151780615
138, 0.0002072514729684613
155, -0.00019822500920935876
1706, 0.0001939332189708056
451, 0.00019288962056924095
577, 0.00019256948543741603
511, -0.00019252591491904952
442, -0.00019239360331830838
1711, -0.00018943906450959904
454, 0.0001869368871537274
72, -0.0001850757391711126
1291, 0.00018406268138312362
707, -0.00017680809085843086
1789, -0.00016667313137981588
1793, 0.00016461589580743957
824, 0.00015698016331906718
574, 0.00015665508463809488
1659, -0.00015630913228016153
82, 0.00015495845430159435
1056, -0.0001548476728060785
1295, 0.00015082106606867097
825, 0.0001506305161750418
603, -0.00014975127049803776
1302, 0.00014885107604550342
981, 0.00014849767254998926
15, -0.00014765327781027763
1218, -0.00014604460312769705
222, -0.00014271677129455598
708, -0.00013971998331223227
729, 0.0001362092507404464
831, 0.00013403591385782753
203, 0.00013394944427054978
391, -0.00013003555943652334
1211, -0.0001299752457699046
268, -0.0001284682259066433
903, 0.00012647239796481245
448, -0.00012579223580211552
894, -0.00012386993687139072
733, -0.00012016606702011385
1686, 0.00011883388348049009
413, -0.00011250853003504953
61, -0.00011107571161246805
63, -0.00011009674314997625
1716, -0.00010934443345498263
780, -0.00010792227560178201
1803, -9.7890849664751e-05
441, -9.293501955351776e-05
652, -9.2761724016262e-05
504, 9.245291182032327e-05
1651, -9.128608760093388e-05
1643, 9.071212261191314e-05
510, -8.674236787481866e-05
1680, 8.67109558900229e-05
1662, 8.571044090133336e-05
223, 8.481251277806342e-05
337, -7.82940148123505e-05
81, -7.674924392828391e-05
1804, 7.258342121119276e-05
438, 7.159107036046646e-05
1794, 7.034245077670962e-05
1712, 6.993382803856788e-05
524, -6.899487201470828e-05
838, 6.659449460827448e-05
336, 6.654081767732968e-05
1654, 6.599051818604684e-05
95, 6.216373493678142e-05
1676, -6.154082198082363e-05
1051, 6.0975991794694553e-05
1798, 5.881589399029663e-05
459, -5.854444648192896e-05
449, -5.818331023128187e-05
88, -5.6756691598082145e-05
1815, -5.553701464054516e-05
702, -5.4988441528915706e-05
1048, -5.085602355016609e-05
699, -4.9740474223718936e-05
1792, 4.951494525423573e-05
512, -4.87886540776299e-05
221, -4.8188129754955614e-05
1786, -4.722816120904649e-05
87, -4.7000737185786316e-05
700, 4.617888662809873e-05
136, 4.568784532836e-05
1795, -4.340080181297908e-05
507, 3.8119674146258056e-05
974, 3.7915374430256926e-05
957, -3.678321483769002e-05
75, 3.489624929825519e-05
137, 3.358781807922726e-05
835, 3.233773200906167e-05
506, -2.842662381228056e-05
185, 2.756317588963793e-05
1049, 2.693379672650398e-05
1800, 2.395168083973484e-05
447, -1.8856196559851116e-05
453, -1.5648195304320164e-05
452, 1.5352312398305214e-05
1292, 1.4761289665407564e-05
908, 1.37694493387818e-05
968, -1.2798894710777337e-05
1791, -1.2319673950048706e-05
581, 5.804578956182319e-06
450, -3.5004190992336976e-06
455, 0.0
373, 0.0
371, 0.0
1948, 0.0
1899, 0.0
446, 0.0
1947, 0.0
1946, 0.0
1900, 0.0
1893, 0.0
1898, 0.0
460, 0.0
361, 0.0
362, 0.0
363, 0.0
364, 0.0
365, 0.0
1950, 0.0
367, 0.0
368, 0.0
1885, 0.0
1949, 0.0
370, 0.0
1886, 0.0
1887, 0.0
1888, 0.0
1889, 0.0
1890, 0.0
1891, 0.0
1892, 0.0
1945, 0.0
1894, 0.0
1895, 0.0
1896, 0.0
1897, 0.0
1901, 0.0
1924, 0.0
1944, 0.0
427, 0.0
425, 0.0
424, 0.0
1906, 0.0
1932, 0.0
1931, 0.0
1930, 0.0
1907, 0.0
1929, 0.0
1908, 0.0
1909, 0.0
1910, 0.0
1911, 0.0
1912, 0.0
1913, 0.0
1915, 0.0
1928, 0.0
412, 0.0
1916, 0.0
1927, 0.0
1926, 0.0
1917, 0.0
1918, 0.0
1919, 0.0
1920, 0.0
1921, 0.0
1922, 0.0
1923, 0.0
426, 0.0
428, 0.0
378, 0.0
429, 0.0
1943, 0.0
444, 0.0
380, 0.0
381, 0.0
1942, 0.0
1925, 0.0
383, 0.0
443, 0.0
1941, 0.0
1940, 0.0
1939, 0.0
1938, 0.0
440, 0.0
1937, 0.0
439, 0.0
1902, 0.0
436, 0.0
1936, 0.0
1903, 0.0
1935, 0.0
1904, 0.0
433, 0.0
432, 0.0
1934, 0.0
1905, 0.0
1933, 0.0
430, 0.0
1914, 0.0
1867, 0.0
1884, 0.0
586, 0.0
1833, 0.0
1832, 0.0
1831, 0.0
1830, 0.0
584, 0.0
585, 0.0
587, 0.0
595, 0.0
588, 0.0
589, 0.0
590, 0.0
591, 0.0
592, 0.0
593, 0.0
575, 0.0
1834, 0.0
572, 0.0
571, 0.0
1835, 0.0
567, 0.0
566, 0.0
565, 0.0
564, 0.0
563, 0.0
562, 0.0
561, 0.0
560, 0.0
559, 0.0
558, 0.0
557, 0.0
556, 0.0
594, 0.0
596, 0.0
1883, 0.0
623, 0.0
617, 0.0
618, 0.0
619, 0.0
620, 0.0
621, 0.0
622, 0.0
624, 0.0
597, 0.0
625, 0.0
626, 0.0
627, 0.0
628, 0.0
629, 0.0
630, 0.0
616, 0.0
1816, 0.0
1817, 0.0
1818, 0.0
1819, 0.0
1820, 0.0
1821, 0.0
1822, 0.0
1823, 0.0
1824, 0.0
1825, 0.0
1826, 0.0
1827, 0.0
1828, 0.0
1829, 0.0
599, 0.0
598, 0.0
555, 0.0
554, 0.0
553, 0.0
1869, 0.0
1871, 0.0
495, 0.0
496, 0.0
1870, 0.0
498, 0.0
499, 0.0
501, 0.0
552, 0.0
1868, 0.0
1952, 0.0
505, 0.0
508, 0.0
1866, 0.0
513, 0.0
493, 0.0
492, 0.0
491, 0.0
490, 0.0
489, 0.0
1872, 0.0
1873, 0.0
1874, 0.0
1875, 0.0
1876, 0.0
1877, 0.0
1878, 0.0
1879, 0.0
1880, 0.0
1881, 0.0
1882, 0.0
476, 0.0
1865, 0.0
1864, 0.0
1863, 0.0
1847, 0.0
551, 0.0
1836, 0.0
549, 0.0
1837, 0.0
1838, 0.0
1839, 0.0
1840, 0.0
1841, 0.0
1842, 0.0
1843, 0.0
540, 0.0
1844, 0.0
1845, 0.0
1846, 0.0
1848, 0.0
1862, 0.0
1849, 0.0
1850, 0.0
1851, 0.0
1852, 0.0
1853, 0.0
1854, 0.0
1855, 0.0
1856, 0.0
1857, 0.0
1858, 0.0
1859, 0.0
1860, 0.0
519, 0.0
1861, 0.0
1951, 0.0
1344, 0.0
1953, 0.0
135, 0.0
117, 0.0
118, 0.0
119, 0.0
120, 0.0
121, 0.0
122, 0.0
123, 0.0
124, 0.0
125, 0.0
126, 0.0
127, 0.0
128, 0.0
129, 0.0
130, 0.0
131, 0.0
132, 0.0
133, 0.0
116, 0.0
115, 0.0
114, 0.0
104, 0.0
2063, 0.0
2062, 0.0
2061, 0.0
2060, 0.0
2059, 0.0
2058, 0.0
2057, 0.0
105, 0.0
113, 0.0
106, 0.0
107, 0.0
108, 0.0
109, 0.0
110, 0.0
111, 0.0
112, 0.0
134, 0.0
2056, 0.0
2065, 0.0
2055, 0.0
164, 0.0
2038, 0.0
2037, 0.0
2036, 0.0
2035, 0.0
169, 0.0
2034, 0.0
2033, 0.0
172, 0.0
173, 0.0
174, 0.0
175, 0.0
176, 0.0
2032, 0.0
2031, 0.0
2030, 0.0
2029, 0.0
2039, 0.0
2040, 0.0
2041, 0.0
2047, 0.0
2054, 0.0
2053, 0.0
2052, 0.0
2051, 0.0
2050, 0.0
2049, 0.0
2048, 0.0
2046, 0.0
2042, 0.0
2045, 0.0
2044, 0.0
2043, 0.0
154, 0.0
156, 0.0
157, 0.0
159, 0.0
2064, 0.0
2066, 0.0
2027, 0.0
2088, 0.0
2102, 0.0
23, 0.0
2101, 0.0
2100, 0.0
2099, 0.0
2098, 0.0
2097, 0.0
29, 0.0
2096, 0.0
2095, 0.0
2094, 0.0
2093, 0.0
2092, 0.0
35, 0.0
2091, 0.0
2090, 0.0
38, 0.0
2103, 0.0
2104, 0.0
2105, 0.0
2112, 0.0
2117, 0.0
2116, 0.0
2115, 0.0
2114, 0.0
2113, 0.0
6, 0.0
7, 0.0
2111, 0.0
18, 0.0
2110, 0.0
2109, 0.0
2108, 0.0
2107, 0.0
14, 0.0
16, 0.0
2106, 0.0
2089, 0.0
2087, 0.0
2067, 0.0
2086, 0.0
2074, 0.0
66, 0.0
67, 0.0
2073, 0.0
69, 0.0
70, 0.0
71, 0.0
74, 0.0
76, 0.0
77, 0.0
2072, 0.0
79, 0.0
2071, 0.0
84, 0.0
2070, 0.0
2069, 0.0
2068, 0.0
64, 0.0
62, 0.0
2075, 0.0
50, 0.0
43, 0.0
2085, 0.0
45, 0.0
2084, 0.0
47, 0.0
2083, 0.0
2082, 0.0
2081, 0.0
2076, 0.0
2080, 0.0
2079, 0.0
54, 0.0
55, 0.0
56, 0.0
2078, 0.0
2077, 0.0
2028, 0.0
2026, 0.0
1954, 0.0
315, 0.0
297, 0.0
298, 0.0
299, 0.0
300, 0.0
301, 0.0
302, 0.0
303, 0.0
304, 0.0
305, 0.0
306, 0.0
307, 0.0
308, 0.0
309, 0.0
310, 0.0
311, 0.0
312, 0.0
313, 0.0
296, 0.0
295, 0.0
294, 0.0
284, 0.0
1979, 0.0
1978, 0.0
1977, 0.0
280, 0.0
281, 0.0
282, 0.0
283, 0.0
285, 0.0
293, 0.0
286, 0.0
287, 0.0
288, 0.0
289, 0.0
290, 0.0
291, 0.0
292, 0.0
314, 0.0
316, 0.0
1981, 0.0
317, 0.0
1969, 0.0
341, 0.0
1968, 0.0
343, 0.0
1967, 0.0
1966, 0.0
1965, 0.0
1964, 0.0
1963, 0.0
1962, 0.0
1961, 0.0
1960, 0.0
1959, 0.0
1958, 0.0
1957, 0.0
1956, 0.0
1955, 0.0
1970, 0.0
338, 0.0
632, 0.0
325, 0.0
318, 0.0
319, 0.0
320, 0.0
321, 0.0
322, 0.0
323, 0.0
324, 0.0
326, 0.0
1971, 0.0
327, 0.0
1976, 0.0
1975, 0.0
1974, 0.0
332, 0.0
1973, 0.0
1972, 0.0
1980, 0.0
1982, 0.0
2025, 0.0
232, 0.0
2013, 0.0
2012, 0.0
211, 0.0
2011, 0.0
2010, 0.0
214, 0.0
2009, 0.0
2008, 0.0
2007, 0.0
2006, 0.0
220, 0.0
2005, 0.0
2004, 0.0
2003, 0.0
2002, 0.0
2001, 0.0
2000, 0.0
208, 0.0
207, 0.0
206, 0.0
2019, 0.0
2024, 0.0
2023, 0.0
188, 0.0
2022, 0.0
191, 0.0
2021, 0.0
2020, 0.0
2018, 0.0
205, 0.0
2017, 0.0
2016, 0.0
2015, 0.0
2014, 0.0
201, 0.0
202, 0.0
204, 0.0
1999, 0.0
233, 0.0
1983, 0.0
234, 0.0
255, 0.0
256, 0.0
1996, 0.0
1995, 0.0
259, 0.0
1994, 0.0
1993, 0.0
262, 0.0
1992, 0.0
1991, 0.0
1990, 0.0
1989, 0.0
1988, 0.0
1987, 0.0
1986, 0.0
1985, 0.0
1984, 0.0
254, 0.0
253, 0.0
252, 0.0
242, 0.0
235, 0.0
236, 0.0
237, 0.0
238, 0.0
239, 0.0
240, 0.0
241, 0.0
243, 0.0
1997, 0.0
244, 0.0
245, 0.0
246, 0.0
247, 0.0
1998, 0.0
249, 0.0
250, 0.0
631, 0.0
672, 0.0
633, 0.0
1419, 0.0
1426, 0.0
1425, 0.0
1424, 0.0
1423, 0.0
1422, 0.0
1421, 0.0
1420, 0.0
1418, 0.0
1428, 0.0
1131, 0.0
1132, 0.0
1417, 0.0
1416, 0.0
1415, 0.0
1414, 0.0
1413, 0.0
1427, 0.0
1429, 0.0
1411, 0.0
1437, 0.0
1443, 0.0
1102, 0.0
1442, 0.0
1441, 0.0
1440, 0.0
1439, 0.0
1438, 0.0
1109, 0.0
1430, 0.0
1110, 0.0
1436, 0.0
1435, 0.0
1434, 0.0
1433, 0.0
1432, 0.0
1431, 0.0
1412, 0.0
1410, 0.0
1486, 0.0
1400, 0.0
1407, 0.0
1406, 0.0
1405, 0.0
1404, 0.0
1403, 0.0
1402, 0.0
1401, 0.0
1399, 0.0
1409, 0.0
1398, 0.0
1397, 0.0
1396, 0.0
1395, 0.0
1394, 0.0
1176, 0.0
1177, 0.0
1408, 0.0
1159, 0.0
1141, 0.0
1149, 0.0
1142, 0.0
1143, 0.0
1144, 0.0
1145, 0.0
1146, 0.0
1147, 0.0
1148, 0.0
1150, 0.0
1158, 0.0
1151, 0.0
1152, 0.0
1153, 0.0
1154, 0.0
1155, 0.0
1156, 0.0
1157, 0.0
1100, 0.0
1099, 0.0
1444, 0.0
1474, 0.0
1481, 0.0
1480, 0.0
1479, 0.0
1478, 0.0
1477, 0.0
1476, 0.0
1475, 0.0
1473, 0.0
1483, 0.0
1472, 0.0
1471, 0.0
1470, 0.0
1469, 0.0
1468, 0.0
1467, 0.0
1466, 0.0
1482, 0.0
1484, 0.0
1445, 0.0
1022, 0.0
1015, 0.0
1016, 0.0
1017, 0.0
1018, 0.0
1019, 0.0
1020, 0.0
1021, 0.0
1023, 0.0
1031, 0.0
1024, 0.0
1025, 0.0
1026, 0.0
1027, 0.0
1028, 0.0
1029, 0.0
1030, 0.0
1465, 0.0
1464, 0.0
1463, 0.0
1453, 0.0
1459, 0.0
1458, 0.0
1457, 0.0
1456, 0.0
1084, 0.0
1455, 0.0
1454, 0.0
1452, 0.0
2118, 0.0
1451, 0.0
1090, 0.0
1450, 0.0
1449, 0.0
1448, 0.0
1447, 0.0
1446, 0.0
1079, 0.0
1078, 0.0
1077, 0.0
1076, 0.0
1462, 0.0
1461, 0.0
1460, 0.0
1064, 0.0
1065, 0.0
1066, 0.0
1067, 0.0
1068, 0.0
1069, 0.0
1070, 0.0
1071, 0.0
1072, 0.0
1073, 0.0
1074, 0.0
1075, 0.0
1178, 0.0
1179, 0.0
1180, 0.0
1362, 0.0
1283, 0.0
1284, 0.0
1367, 0.0
1366, 0.0
1365, 0.0
1364, 0.0
1363, 0.0
1361, 0.0
1369, 0.0
1360, 0.0
1359, 0.0
1358, 0.0
1357, 0.0
1356, 0.0
1355, 0.0
1354, 0.0
1368, 0.0
1370, 0.0
1261, 0.0
1270, 0.0
1263, 0.0
1264, 0.0
1265, 0.0
1266, 0.0
1267, 0.0
1268, 0.0
1269, 0.0
1271, 0.0
1279, 0.0
1272, 0.0
1373, 0.0
1274, 0.0
1275, 0.0
1276, 0.0
1372, 0.0
1371, 0.0
1304, 0.0
1353, 0.0
1306, 0.0
1334, 0.0
1327, 0.0
1328, 0.0
1329, 0.0
1330, 0.0
1331, 0.0
1332, 0.0
1333, 0.0
1335, 0.0
1307, 0.0
1336, 0.0
1337, 0.0
1338, 0.0
1339, 0.0
1340, 0.0
1341, 0.0
1342, 0.0
1326, 0.0
1325, 0.0
1324, 0.0
1323, 0.0
1308, 0.0
1352, 0.0
1351, 0.0
1311, 0.0
1350, 0.0
1349, 0.0
1348, 0.0
1315, 0.0
1316, 0.0
1347, 0.0
1346, 0.0
1345, 0.0
1320, 0.0
1321, 0.0
1322, 0.0
1262, 0.0
1260, 0.0
1181, 0.0
1209, 0.0
1202, 0.0
1203, 0.0
1204, 0.0
1205, 0.0
1206, 0.0
1207, 0.0
1393, 0.0
1210, 0.0
1200, 0.0
1212, 0.0
1213, 0.0
1214, 0.0
1215, 0.0
1216, 0.0
1392, 0.0
1219, 0.0
1201, 0.0
1199, 0.0
1259, 0.0
1189, 0.0
1182, 0.0
1183, 0.0
1184, 0.0
1185, 0.0
1186, 0.0
1187, 0.0
1188, 0.0
1190, 0.0
1198, 0.0
1191, 0.0
1192, 0.0
1193, 0.0
1194, 0.0
1195, 0.0
1196, 0.0
1197, 0.0
1391, 0.0
1390, 0.0
1222, 0.0
1379, 0.0
1385, 0.0
1244, 0.0
1384, 0.0
1383, 0.0
1382, 0.0
1381, 0.0
1380, 0.0
1378, 0.0
1389, 0.0
1377, 0.0
1376, 0.0
1375, 0.0
1374, 0.0
1256, 0.0
1257, 0.0
1258, 0.0
1386, 0.0
1387, 0.0
1388, 0.0
1239, 0.0
1224, 0.0
1225, 0.0
1226, 0.0
1227, 0.0
1228, 0.0
1229, 0.0
1230, 0.0
1231, 0.0
1232, 0.0
1233, 0.0
1234, 0.0
1235, 0.0
1236, 0.0
1237, 0.0
1238, 0.0
1485, 0.0
1487, 0.0
634, 0.0
766, 0.0
759, 0.0
760, 0.0
761, 0.0
762, 0.0
1725, 0.0
764, 0.0
765, 0.0
1724, 0.0
757, 0.0
1723, 0.0
1722, 0.0
770, 0.0
771, 0.0
772, 0.0
1721, 0.0
1720, 0.0
758, 0.0
756, 0.0
1719, 0.0
746, 0.0
1730, 0.0
1729, 0.0
1728, 0.0
1727, 0.0
1726, 0.0
744, 0.0
745, 0.0
747, 0.0
755, 0.0
748, 0.0
749, 0.0
750, 0.0
751, 0.0
752, 0.0
753, 0.0
754, 0.0
775, 0.0
1710, 0.0
1488, 0.0
816, 0.0
809, 0.0
810, 0.0
811, 0.0
812, 0.0
813, 0.0
814, 0.0
815, 0.0
817, 0.0
807, 0.0
818, 0.0
819, 0.0
820, 0.0
821, 0.0
822, 0.0
823, 0.0
828, 0.0
808, 0.0
806, 0.0
1708, 0.0
796, 0.0
1707, 0.0
1704, 0.0
1692, 0.0
792, 0.0
793, 0.0
794, 0.0
795, 0.0
797, 0.0
805, 0.0
798, 0.0
799, 0.0
800, 0.0
801, 0.0
802, 0.0
803, 0.0
804, 0.0
1731, 0.0
1732, 0.0
1733, 0.0
676, 0.0
669, 0.0
670, 0.0
671, 0.0
1343, 0.0
673, 0.0
674, 0.0
675, 0.0
677, 0.0
667, 0.0
678, 0.0
679, 0.0
680, 0.0
681, 0.0
682, 0.0
1788, 0.0
684, 0.0
668, 0.0
666, 0.0
1734, 0.0
642, 0.0
635, 0.0
636, 0.0
637, 0.0
638, 0.0
639, 0.0
640, 0.0
641, 0.0
643, 0.0
665, 0.0
644, 0.0
645, 0.0
646, 0.0
647, 0.0
1799, 0.0
1790, 0.0
664, 0.0
685, 0.0
686, 0.0
1787, 0.0
722, 0.0
1771, 0.0
716, 0.0
717, 0.0
718, 0.0
1770, 0.0
1769, 0.0
1768, 0.0
723, 0.0
1784, 0.0
724, 0.0
727, 0.0
1751, 0.0
1742, 0.0
1739, 0.0
1736, 0.0
1735, 0.0
714, 0.0
713, 0.0
712, 0.0
1772, 0.0
690, 0.0
691, 0.0
692, 0.0
1783, 0.0
1782, 0.0
695, 0.0
1781, 0.0
1780, 0.0
1779, 0.0
1778, 0.0
1777, 0.0
1776, 0.0
1775, 0.0
1774, 0.0
1773, 0.0
1660, 0.0
837, 0.0
843, 0.0
1533, 0.0
947, 0.0
948, 0.0
949, 0.0
950, 0.0
951, 0.0
1535, 0.0
1534, 0.0
1532, 0.0
945, 0.0
956, 0.0
1531, 0.0
1530, 0.0
1529, 0.0
1528, 0.0
1527, 0.0
1526, 0.0
946, 0.0
944, 0.0
1545, 0.0
1537, 0.0
927, 0.0
1543, 0.0
1542, 0.0
1541, 0.0
1540, 0.0
1539, 0.0
1538, 0.0
1536, 0.0
943, 0.0
936, 0.0
937, 0.0
938, 0.0
939, 0.0
940, 0.0
941, 0.0
942, 0.0
1525, 0.0
1524, 0.0
1523, 0.0
1495, 0.0
1502, 0.0
1501, 0.0
1500, 0.0
1499, 0.0
1498, 0.0
1497, 0.0
1496, 0.0
1494, 0.0
1522, 0.0
1493, 0.0
1492, 0.0
1004, 0.0
1491, 0.0
1490, 0.0
1489, 0.0
1009, 0.0
1503, 0.0
1504, 0.0
1505, 0.0
1506, 0.0
1521, 0.0
1520, 0.0
1519, 0.0
1518, 0.0
1517, 0.0
1516, 0.0
1515, 0.0
1514, 0.0
1513, 0.0
1512, 0.0
1511, 0.0
1510, 0.0
1509, 0.0
1508, 0.0
1507, 0.0
1544, 0.0
924, 0.0
844, 0.0
1586, 0.0
1593, 0.0
1592, 0.0
1591, 0.0
1590, 0.0
1589, 0.0
1588, 0.0
1587, 0.0
1585, 0.0
1595, 0.0
1584, 0.0
1583, 0.0
876, 0.0
1582, 0.0
1581, 0.0
1580, 0.0
1579, 0.0
1594, 0.0
1596, 0.0
923, 0.0
1605, 0.0
845, 0.0
1612, 0.0
1607, 0.0
848, 0.0
849, 0.0
850, 0.0
1606, 0.0
1604, 0.0
1597, 0.0
1603, 0.0
1602, 0.0
1601, 0.0
1600, 0.0
1599, 0.0
1598, 0.0
860, 0.0
1578, 0.0
1577, 0.0
1576, 0.0
1554, 0.0
1561, 0.0
1560, 0.0
1559, 0.0
1558, 0.0
1557, 0.0
1556, 0.0
1555, 0.0
1553, 0.0
1575, 0.0
1552, 0.0
1551, 0.0
1550, 0.0
1549, 0.0
1548, 0.0
1547, 0.0
1546, 0.0
1562, 0.0
1563, 0.0
1564, 0.0
1565, 0.0
1574, 0.0
1573, 0.0
1572, 0.0
888, 0.0
889, 0.0
1571, 0.0
891, 0.0
892, 0.0
1570, 0.0
895, 0.0
1569, 0.0
897, 0.0
1568, 0.0
1567, 0.0
1566, 0.0
2119, 0.0
