Hessian ranking for layer encoded_vector (param idx, rank)
670, 0.9091681698337197
654, 0.7855449039489031
410, 0.6703126064094249
794, 0.6378854947979562
669, 0.612898321589455
1048, 0.5657893840689212
78, 0.5494317373668309
653, 0.5324297123588622
796, 0.5030574628835893
1052, 0.4298350843600929
665, 0.4279520595446229
1045, 0.414218673016876
330, 0.40184746915474534
1049, 0.38948734872974455
77, 0.3788325969944708
649, 0.3734063820447773
792, 0.36787406777148135
1098, 0.36259270503069274
622, 0.3625591789605096
1093, 0.3565379773499444
30, 0.3565361778018996
282, 0.3445591415511444
1047, 0.33484298968687654
394, 0.33293903970115934
702, 0.33234593662200496
664, 0.314882570062764
858, 0.29954177323088516
1050, 0.2952030529268086
73, 0.29267166944919154
798, 0.2872197323013097
26, 0.274233171105152
1561, 0.2733634575124597
1178, 0.2726407786249183
1690, 0.27251781963786925
797, 0.272393973369617
648, 0.2721688824822195
286, 0.26366915900143795
790, 0.2563165529863909
1685, 0.25611326441867277
346, 0.25506781798321754
414, 0.25497141148662195
789, 0.2495570949104149
621, 0.24573678188608028
1042, 0.24143649428151548
799, 0.23960846703266725
1032, 0.2310516081051901
283, 0.22768878610804677
701, 0.22525872651021928
860, 0.22417757612129208
922, 0.22261111350962892
1173, 0.22208846302237362
278, 0.2217294130823575
1545, 0.21796547732083127
280, 0.21720995713258162
332, 0.21718415763461962
714, 0.21430612438916796
856, 0.21173498906136956
153, 0.20902704884065315
1566, 0.208484106202377
407, 0.20689126336947083
1097, 0.20248559379251674
786, 0.20111474866280332
1691, 0.20044952019816265
328, 0.1994917856354732
1669, 0.19645775377284735
281, 0.19528445962350816
1689, 0.19525557418819517
413, 0.19466634379932657
1674, 0.1945684007878299
72, 0.19394284806912765
1565, 0.19195110321743414
350, 0.19155609657173045
1562, 0.18386963788361754
1181, 0.18120357845327817
717, 0.1773883922578534
617, 0.17234141469816677
408, 0.17101946263574064
785, 0.17050002753239824
1033, 0.1697594324941747
347, 0.16775378439342603
793, 0.16694999899482355
1096, 0.16559585696086287
1089, 0.1634357632137835
126, 0.16309073865704704
1242, 0.16123883606633171
344, 0.16052559477975592
1675, 0.15999543073121458
325, 0.15984572991874302
391, 0.15943355260969838
1559, 0.15876166878661024
1099, 0.15824652250375948
697, 0.15797962993383408
1036, 0.15774196677375585
663, 0.1574780625232961
1550, 0.15698714851168916
795, 0.15598465855873656
1557, 0.15568277868442237
397, 0.15548310446320102
853, 0.15514251477725338
1090, 0.1550119233870646
1673, 0.15404122840845957
1040, 0.1497940531698987
154, 0.14878321463766042
1029, 0.14676077879266813
1555, 0.1449813728686422
137, 0.14465574303176254
844, 0.1420753886050079
1237, 0.1410119293432217
718, 0.13944964041002095
345, 0.13891423351719823
647, 0.13782294356497005
1031, 0.1362241482711397
144, 0.13442814641166478
1101, 0.13392780264257453
412, 0.1336236682254821
1554, 0.13241639451734954
342, 0.13103349937591702
926, 0.13101391564123333
1066, 0.13067455816781148
206, 0.13011967819329584
1169, 0.1299298873054795
1543, 0.12693634085007943
1682, 0.12646566197508946
1560, 0.12615352132706903
1245, 0.1256501732277684
616, 0.12561641266802326
1061, 0.1251272802182939
392, 0.12470230710459873
924, 0.12427821464370936
920, 0.12423273915192112
405, 0.12243073439458385
791, 0.11934555732295848
1564, 0.11900918325409293
398, 0.11897899389805389
402, 0.11825311277061701
1693, 0.1180950625857804
1539, 0.11674690630752593
696, 0.11514837974391412
362, 0.11468547131516971
846, 0.11467546148924157
24, 0.11395265744067729
1041, 0.11295731482096016
411, 0.11225811117765261
1694, 0.1119738087982114
842, 0.11132608381012687
838, 0.11093018486280926
442, 0.10947799645873602
1544, 0.10938890266697854
709, 0.10917961676022969
333, 0.10833346226718277
1552, 0.1076034092984628
787, 0.10752860803040676
925, 0.10682458730298094
110, 0.10620445611493778
890, 0.10593310861440841
19, 0.10391768152476288
474, 0.103903612063732
156, 0.10382695670341491
198, 0.10296646039932966
1100, 0.10229081101715565
705, 0.10181322904827539
138, 0.101610620302381
329, 0.10139906140102539
1553, 0.10134866461157799
1666, 0.10117073322180659
590, 0.10028503214562079
921, 0.09991618106141686
774, 0.09842248205677606
157, 0.09826499904738739
1026, 0.09824434595066123
1692, 0.09781276353169233
1681, 0.09659315246972255
857, 0.09645810183428694
396, 0.09530177715350874
27, 0.09529571543680504
784, 0.0951743963341869
71, 0.09490213605749886
1182, 0.09296605517738499
128, 0.09288847574498504
458, 0.09224082448781701
1102, 0.09220147744053975
409, 0.09174224216258153
894, 0.09171760865137912
1233, 0.09147455160564277
285, 0.09090411392389797
780, 0.09047049970104126
1095, 0.08981974388007075
1538, 0.08937470929231495
90, 0.08893175103003159
1541, 0.08763034164439887
25, 0.08685513120144606
205, 0.08646052075346233
861, 0.08633858465327648
1064, 0.08615831105271354
834, 0.08604065726103727
914, 0.08571336654131301
1068, 0.08568412165914197
840, 0.08513963038785732
28, 0.08509732050879393
204, 0.08506578905507922
335, 0.08497425993846264
400, 0.0843127251137048
970, 0.08365626886370592
1210, 0.083533370619989
284, 0.0833190277335234
272, 0.08328227043239167
159, 0.08282837957085576
1677, 0.08268882959964685
1536, 0.08238647226244211
334, 0.08200356326415204
310, 0.08196990820579231
1177, 0.08149696001055418
918, 0.0814000457758084
1678, 0.08131948515074328
395, 0.08117522610700689
315, 0.08107097839820199
863, 0.08025860388079309
893, 0.07983853251789697
843, 0.07976392342243344
393, 0.07926109677646309
314, 0.07867039513075724
1676, 0.07863631621876266
29, 0.07660729189228732
349, 0.07446924204123206
389, 0.07380107653443702
406, 0.0737554340303177
469, 0.0736258612232632
1205, 0.07305437476316001
1629, 0.07301134932276909
140, 0.07155364512891538
1665, 0.07151676845228394
847, 0.07128942169219954
302, 0.0708292928757146
318, 0.07047105673700571
919, 0.07039872658060631
1226, 0.07020089190336876
1548, 0.0687509563867934
538, 0.06836510050925426
1563, 0.06808642647229135
141, 0.06799937668256462
74, 0.06716673666596762
109, 0.06654628818432684
974, 0.06538539443863556
1213, 0.06509586826723535
125, 0.06504861998837441
927, 0.06493899278575554
1088, 0.06492300765239634
401, 0.0645578083494911
1549, 0.06450976409541909
203, 0.0643911926454166
1617, 0.06434618063940434
336, 0.06428936970041832
1610, 0.0640244159451413
826, 0.06397804189327871
615, 0.0636105917947134
1057, 0.0635571636739769
1597, 0.06346299723736593
339, 0.06322551736957394
1051, 0.062405845819739625
779, 0.06204217384220101
1246, 0.061789163017238025
839, 0.061616420542122796
273, 0.061597922071996436
275, 0.06122628280718345
94, 0.060910086482181214
287, 0.06043101070827106
589, 0.060370451159542426
348, 0.05989757760835346
915, 0.059594212245428935
207, 0.059558107663178816
185, 0.05936738562013488
201, 0.05904027392534772
824, 0.05885328332806239
403, 0.05865730674850056
105, 0.0585312238545157
695, 0.05830970954411896
938, 0.05773070790746715
783, 0.05772532014816534
923, 0.057705819461261854
707, 0.05756075622775825
326, 0.05755989931822114
912, 0.0573785625747405
828, 0.05712705021142028
143, 0.056841180554329185
108, 0.056278234129422344
16, 0.05563324895047117
365, 0.05552904874639353
1065, 0.05548461445141584
1221, 0.05526489876501728
88, 0.05517775191401597
832, 0.05513917747884989
833, 0.05503036860682187
317, 0.05493818080867641
1063, 0.05448965818504803
1025, 0.054472632182296365
883, 0.05391263325873297
1558, 0.0526005133142462
942, 0.05214384944702033
322, 0.05181857212301111
351, 0.05129272333579138
1605, 0.05081327374500688
1024, 0.050645622308366
445, 0.050629426186787896
1567, 0.0506207432190422
845, 0.050046580989146605
712, 0.049782235801103525
194, 0.04969992717360583
841, 0.04937435025931336
913, 0.049210266646696255
312, 0.04881109178677434
770, 0.04804493533447385
1176, 0.047709825665151584
316, 0.047657156581408344
300, 0.04764422915468458
782, 0.04762034431041684
917, 0.04758744144055527
386, 0.047526340145850554
89, 0.04740651079919189
1201, 0.04739043028530432
331, 0.04669837157416623
366, 0.04592349725862732
18, 0.04581654690991854
973, 0.045373312328592874
124, 0.04531880914510111
21, 0.04529106114569004
769, 0.04484689170931233
1017, 0.0447812654892914
716, 0.04475553148222389
1546, 0.04404617050749948
277, 0.043928086903179064
810, 0.04389965692098485
859, 0.04389101108245086
337, 0.043835363332618726
881, 0.04369291770126438
713, 0.04345289151387988
585, 0.04273190224557766
1687, 0.04268526523082983
850, 0.04264871048508212
1593, 0.042531572820735164
1179, 0.042529037622443866
1174, 0.04251062115872628
1609, 0.04234364269359503
446, 0.042224644697853364
313, 0.041936529261874966
186, 0.04170146791511797
106, 0.041114124873274704
1688, 0.041056799149373546
711, 0.040787837497191504
892, 0.04068164324417012
1022, 0.040670387039426714
1585, 0.04063723552826559
837, 0.040265679606818594
584, 0.040201286974479444
1055, 0.04008033248828724
199, 0.03992271368042566
115, 0.03969028869050817
1046, 0.03965007349324878
1229, 0.03962798438442405
862, 0.03924811683828011
192, 0.0383571805577958
710, 0.03813401791558135
176, 0.03812185946298996
193, 0.037916840876278
821, 0.037678306456655264
806, 0.037621265699272044
96, 0.03758493391069351
812, 0.03749055988009786
202, 0.03747086288785795
535, 0.036831675832218025
1058, 0.03680055032600649
1170, 0.036092794412979856
1613, 0.03603005778222723
385, 0.03591556567698717
888, 0.035809288354357705
1056, 0.03531109681352973
887, 0.03502995157032274
1238, 0.03476232384173272
542, 0.034678464729950065
472, 0.034100286289685755
462, 0.034019749429717194
1621, 0.033426358098950004
200, 0.03327952777908649
359, 0.03320185645134188
775, 0.033075292471039575
1598, 0.03297110855055507
537, 0.03289878834857518
1034, 0.03237595553218853
1551, 0.03219046015146887
1225, 0.03217193964519538
467, 0.0320645560009325
1214, 0.03201125201303512
91, 0.03191436217457522
583, 0.03178247557661962
470, 0.03174715749719326
274, 0.0317138759419322
972, 0.031653290141548496
968, 0.03152122737537866
305, 0.03150618896870583
1671, 0.031459725338208955
319, 0.03139294675929705
31, 0.03126630108454265
439, 0.03090443555265665
588, 0.03084793288144283
835, 0.03052406309871003
1241, 0.030420794770179782
1094, 0.03036268489813665
1738, 0.029983140469994396
814, 0.029798655828926712
768, 0.02974727270702715
1015, 0.02967116753643495
476, 0.029628581629367545
829, 0.02941020845537423
188, 0.029365946020334377
715, 0.029114898143234313
1240, 0.02893109809519956
363, 0.028888793796795653
460, 0.02865616230701562
811, 0.028571027800353477
478, 0.028160714151454158
189, 0.02790725948580075
443, 0.02785317276720889
536, 0.027837675100499837
1217, 0.027763392332417425
941, 0.02775268431287259
1011, 0.02766928810160607
886, 0.027623074088296562
1672, 0.027555925960768946
706, 0.027516450274561066
815, 0.0274998013410368
802, 0.027441222220659256
533, 0.02731667239197577
1591, 0.027292419617879204
781, 0.02725057117640972
415, 0.027154506220540497
1614, 0.027002192715372075
666, 0.02677883327123709
99, 0.026704800385687122
586, 0.02647488753518701
1016, 0.02645068519632332
1611, 0.026384339107607957
1587, 0.025830049213254824
320, 0.02578926361456979
1733, 0.025319430827948963
963, 0.0251114448383305
1547, 0.025089205599215347
64, 0.024902865625335835
384, 0.024891292487154715
1684, 0.024862538317393046
830, 0.024791713618469657
1180, 0.02466769694001414
1020, 0.024656123714521527
916, 0.0245289333324763
1035, 0.02430602433742024
461, 0.024299590517330216
1227, 0.024236088032921543
114, 0.02418119944195496
581, 0.023338949711614987
191, 0.023327884744503535
578, 0.02323269206317491
1230, 0.02319137565791607
83, 0.02317685363959754
76, 0.023029094863886712
111, 0.022999322616669815
808, 0.02281758665048983
961, 0.02275627826929849
80, 0.022660606417048257
891, 0.022591311349970056
1556, 0.02253328298274937
986, 0.022312261657134513
1601, 0.022268698397965636
1592, 0.022206926776561886
1624, 0.02204330873428262
294, 0.02199015419364514
1008, 0.021766716745332815
1739, 0.021738112223829376
801, 0.02170372025739198
1054, 0.021502660660189576
1602, 0.021402709069661796
634, 0.021305560614564456
455, 0.021062996856926475
1589, 0.02103240170981735
122, 0.02102423959513544
1091, 0.020715951817692257
1737, 0.020710000397230033
719, 0.020555386789055774
307, 0.02050260012038052
807, 0.020457981649087742
473, 0.020345812263258267
304, 0.02004592164666974
638, 0.019951688236687914
966, 0.019660133883007802
805, 0.01964660893281689
22, 0.01963696964776318
17, 0.01933314746929682
464, 0.019307045404275414
931, 0.019062168033997295
631, 0.019010809519386385
67, 0.01892151762240246
940, 0.018684927372305538
906, 0.01867554049113096
288, 0.01863616695482051
1013, 0.018376580694166478
1218, 0.018294210254680365
327, 0.018160263447498437
1092, 0.018117834282747936
936, 0.018031134255579673
1206, 0.01800939668328283
1668, 0.01795689542632317
1010, 0.017869700415758416
471, 0.017713750357870595
456, 0.017700094744213857
1584, 0.017423779412638396
454, 0.01729562286664077
1039, 0.017021192953507125
321, 0.01700286384584615
450, 0.016984967140160734
882, 0.016929106990573928
453, 0.016771521950431634
197, 0.016704471563571133
1596, 0.0166268726461567
1053, 0.016297710681101307
506, 0.01624600351351546
587, 0.016172946474398486
1023, 0.016095334882265888
1183, 0.01589644570412929
629, 0.015836060872970847
1209, 0.015760170434077736
466, 0.015663303158362396
633, 0.015599050850141793
1586, 0.015494715538807213
967, 0.015330116078985156
79, 0.015199347727502754
848, 0.015196932959952392
1578, 0.015058068380312761
98, 0.015026789387775352
1208, 0.014988400449510664
831, 0.014971723061535158
303, 0.01496608537127031
929, 0.014954711305108503
1603, 0.014818615274634794
123, 0.014514817205053987
1619, 0.014441886205531773
1608, 0.014229142372641945
1730, 0.01421198600291973
457, 0.014167873716360191
659, 0.014086786744883284
960, 0.014056040337891318
704, 0.014035948617674876
1742, 0.014007688158017118
800, 0.013855542212695582
530, 0.013831235701218247
632, 0.013723513005970744
662, 0.013684894083780819
1600, 0.01368336027735495
10, 0.013681807828106685
121, 0.013603065708593931
465, 0.013513439131202176
1224, 0.013365583927225089
1604, 0.013307360817634617
1628, 0.013234270758403
962, 0.013220471062595607
475, 0.013196405165217584
813, 0.013093689969537081
532, 0.013091111769881536
1616, 0.013061082333479135
459, 0.012975180059129343
1626, 0.012847481070366484
262, 0.01274258271587314
541, 0.012637732301129745
1607, 0.012600550511706388
591, 0.012458062708901707
643, 0.012308552618378599
971, 0.012246374859387288
448, 0.012198166075904737
1612, 0.012188782515295316
1062, 0.011998685866501546
658, 0.011925484679522924
540, 0.011913026193951737
1741, 0.011809506813733606
667, 0.011462982060038485
1622, 0.011440441505328636
1019, 0.011213781015612767
1228, 0.011178918812220218
928, 0.011065403145039454
934, 0.011060357759561157
577, 0.010927761715720408
1145, 0.010870084297494031
75, 0.010754191596788587
983, 0.010665620307918289
854, 0.010644001558830496
264, 0.010640138199960347
323, 0.010542144536884734
505, 0.010511459706322057
849, 0.010481957528099883
904, 0.010469243475199619
1686, 0.01043163298163563
543, 0.010262447391141905
452, 0.010257554101826827
809, 0.01025528192622005
510, 0.010115649496583501
120, 0.01007619723714015
1740, 0.010016186392022064
576, 0.010005777710830444
969, 0.009991617138439324
1573, 0.009977636767871445
965, 0.009958123737305868
827, 0.009930385362167726
279, 0.009813611019126256
93, 0.009746510132572439
508, 0.009579961068993725
449, 0.009520793188130483
117, 0.009421947442206147
463, 0.00938378272621776
14, 0.009370783123813453
980, 0.009365592962240044
107, 0.009358536528452532
803, 0.009328438158263452
1729, 0.00910502405531588
582, 0.009010902354930295
626, 0.008636643393401755
935, 0.008547905161321978
1014, 0.008506937110723811
297, 0.008498461309500271
8, 0.00848888552718563
880, 0.008484338630296406
1606, 0.008402325360293617
933, 0.008253021449490916
1021, 0.008238774636993185
69, 0.008189207732357318
1175, 0.00806114344186426
1043, 0.008056710023083724
895, 0.007993985365828848
661, 0.007952775416924851
504, 0.007786152934386337
762, 0.007780048832501052
270, 0.007637883332790807
1146, 0.00763548002942116
1599, 0.007634422814589925
451, 0.00753512789378874
147, 0.0074353386471557315
81, 0.007427573256563846
671, 0.007301189994905144
9, 0.007293309170563589
501, 0.0072805957593118364
1222, 0.007236612606448034
930, 0.007206694530395907
95, 0.007199812245744397
1630, 0.007178923799074255
668, 0.0071785492273193086
66, 0.007106914823225452
539, 0.007071445730616688
1136, 0.006980059196393995
258, 0.006923822420503711
1736, 0.006910316296853125
1171, 0.006877162508317269
259, 0.006872786705571343
639, 0.006773685928237683
939, 0.006631029978393599
1683, 0.0064914833528746385
1572, 0.006471096884524741
908, 0.006368401066879414
889, 0.006344913046632428
1231, 0.006287788561166963
127, 0.00628674999688883
975, 0.006257625442231074
990, 0.006211710674506321
1618, 0.006100170541188277
267, 0.005945547163264564
390, 0.005918187252973439
1581, 0.005886871510028868
910, 0.0057945773096435005
399, 0.00569428006929229
611, 0.005680870260221127
977, 0.005672636357303418
498, 0.005654399139530142
978, 0.005603807999250421
1734, 0.0056015867594396695
1615, 0.0054549949963984545
430, 0.005448407315270742
324, 0.005441910949684825
901, 0.005408040481825083
1103, 0.005378876339818817
1148, 0.005376863511855845
1642, 0.005374082424282278
1595, 0.00534759349829983
1637, 0.005330003274778505
529, 0.005281292135123294
985, 0.005249758382888103
1627, 0.005209817738432321
691, 0.005207464655995864
261, 0.005201879819651367
1149, 0.0051097798786940984
1542, 0.005019805215852102
885, 0.005013850070099579
818, 0.004946245094288315
11, 0.004909901748760603
511, 0.004857943327351677
1735, 0.0048181242946157
86, 0.004807316726328281
1594, 0.004750077468543168
131, 0.0047097349088289775
1580, 0.004572955971070769
437, 0.004513008446338063
981, 0.004500442060816567
822, 0.004480606573451951
1223, 0.004431210225448012
338, 0.004421084888235782
909, 0.004404792441619065
1247, 0.004361335173598491
1623, 0.004328111999711837
1168, 0.004316336096962914
991, 0.004315888851806449
988, 0.004292049637754758
1151, 0.00427130296247924
1643, 0.004164894007772091
534, 0.004146929225498752
656, 0.004013259014755022
1731, 0.003992913852925994
528, 0.003959455501899356
657, 0.00393588221140817
1574, 0.003930660914420514
1625, 0.0039046060874170507
989, 0.0038756975782234804
1641, 0.0038224864788389823
1722, 0.0037618576851059515
1717, 0.003731001940650458
898, 0.0037285801736288704
1009, 0.003701684893712809
428, 0.0036649408621087787
265, 0.00363932582513371
3, 0.0035656696381920483
0, 0.003486247114778962
660, 0.0034666589112930524
68, 0.0034666589112930524
341, 0.003456540456681978
625, 0.003362170231412165
1067, 0.003319012562201351
1634, 0.0032790272139209264
1579, 0.003275619038277
263, 0.003263968563715025
1582, 0.0030936368482343823
767, 0.003079006954635588
1577, 0.0030737935048819054
984, 0.0030491347855097217
754, 0.0030431602244789246
1644, 0.00303664818238758
763, 0.002954288815772088
65, 0.0029469420724126394
1723, 0.002915425796800264
20, 0.002888882483944144
760, 0.0028764234211848816
1568, 0.0028519024888851163
911, 0.0028388721621013246
387, 0.002826730996275728
637, 0.0028237433655249333
1569, 0.00280606831984187
759, 0.0027937747399846558
118, 0.002747959735643235
1721, 0.0026757407395052724
905, 0.0026100822251464706
531, 0.002593021231405146
70, 0.0025591053017706145
579, 0.00253062378942559
195, 0.002508838500943966
987, 0.0024892468088637543
1220, 0.0024862536247383105
1732, 0.0024862536247383105
964, 0.0024528933247438545
635, 0.0024440204390430154
982, 0.00242855065562253
1570, 0.0024120052530633984
440, 0.002370820071291746
766, 0.002321508185559651
1714, 0.002295319130325879
268, 0.0022921712925381144
1215, 0.0022594868605665397
438, 0.0022446914726970135
507, 0.0022040080841634335
1646, 0.002182155669288477
907, 0.002180349360685341
112, 0.002143157204045565
1724, 0.0021256537897897942
502, 0.0021234233945506276
708, 0.0020799953156824813
435, 0.001942748177010678
624, 0.0019361505892447894
179, 0.0019328968701302074
1645, 0.0018775335463487863
1633, 0.0018683592038541974
899, 0.001857011164247524
979, 0.001851305322816188
1219, 0.0018407284442218952
509, 0.001823645207878144
257, 0.0017961707277578398
900, 0.0017839223627333922
755, 0.0017408863222954096
1044, 0.0017333294556465262
1680, 0.0017244775826839032
764, 0.0017003239668156311
422, 0.0016915502899905732
897, 0.0016886089993022324
496, 0.0016560759459025576
1695, 0.0015907853999692634
1576, 0.0015537040362687549
976, 0.0015471324813915999
902, 0.0015282179383575567
1726, 0.0015275088724138186
13, 0.0014994630964793032
256, 0.0014918845245119883
113, 0.001478224764468905
761, 0.001466140270622418
343, 0.0014341680555389758
416, 0.001433551390618959
1216, 0.001424847007911012
378, 0.0013946998064966465
444, 0.0013433223803076544
1725, 0.0013142734469511197
1590, 0.0013124093680971782
1713, 0.0013078514330118196
580, 0.0012610007505600151
1575, 0.00121446557022864
146, 0.0011933961036447727
1631, 0.0011905935546110413
1743, 0.0011885385576988483
758, 0.0011859729229399818
432, 0.0011719071598008668
1583, 0.0011607569567786413
155, 0.0011585446981143832
276, 0.001155553018804767
1571, 0.0011536033216543728
431, 0.0011512372959714412
1, 0.0011427035085489479
497, 0.0011422645993661718
152, 0.0011280092376182438
757, 0.0011115874449387775
753, 0.0011101106958406604
15, 0.0011076633543325443
903, 0.0011072271822740731
151, 0.0010955978777928976
23, 0.001085158794921881
1639, 0.0009641910398840992
158, 0.0009103953561861999
1728, 0.00089212321654486
628, 0.0008919611813666961
836, 0.0008919611813666961
373, 0.0008402178982578334
376, 0.0008278036590354532
752, 0.0008210680666707049
896, 0.0007530743296229048
6, 0.0007395871986659586
377, 0.0007147152964535053
1537, 0.0007075824714632972
196, 0.0006933318071418171
1719, 0.0006749336637881242
425, 0.0006537277861298207
379, 0.000621189338289696
1640, 0.0005279519240275476
370, 0.0005159772995284584
150, 0.00046508741252182517
382, 0.0004409415671489114
149, 0.00043591663506958866
145, 0.00043533751088986605
381, 0.0004185822526778793
636, 0.00040876663810074376
1720, 0.0003695663413054717
1139, 0.00035391069644674644
434, 0.00030818499919860187
380, 0.00030384540127670334
630, 0.00023129053366233165
627, 0.00017631479829560703
375, 0.00017511199553155166
369, 0.00016589627978191857
1827, 0.0
1823, 0.0
1853, 0.0
1824, 0.0
1825, 0.0
1826, 0.0
1852, 0.0
1872, 0.0
1876, 0.0
1863, 0.0
1829, 0.0
1830, 0.0
1831, 0.0
1817, 0.0
1832, 0.0
1833, 0.0
1834, 0.0
367, 0.0
1828, 0.0
404, 0.0
1873, 0.0
364, 0.0
1819, 0.0
1820, 0.0
361, 0.0
1857, 0.0
1856, 0.0
1875, 0.0
1855, 0.0
1874, 0.0
1821, 0.0
360, 0.0
1858, 0.0
1818, 0.0
1859, 0.0
1822, 0.0
1861, 0.0
447, 0.0
1862, 0.0
1854, 0.0
1851, 0.0
424, 0.0
1835, 0.0
421, 0.0
420, 0.0
441, 0.0
383, 0.0
1871, 0.0
1839, 0.0
1870, 0.0
1840, 0.0
1869, 0.0
436, 0.0
1860, 0.0
1868, 0.0
433, 0.0
388, 0.0
423, 0.0
1841, 0.0
429, 0.0
1842, 0.0
427, 0.0
1867, 0.0
1866, 0.0
1836, 0.0
374, 0.0
368, 0.0
426, 0.0
1864, 0.0
1850, 0.0
371, 0.0
372, 0.0
1849, 0.0
1837, 0.0
1848, 0.0
419, 0.0
1847, 0.0
1846, 0.0
1845, 0.0
1838, 0.0
1844, 0.0
1865, 0.0
417, 0.0
418, 0.0
1843, 0.0
1315, 0.0
1816, 0.0
1815, 0.0
563, 0.0
564, 0.0
565, 0.0
566, 0.0
567, 0.0
568, 0.0
569, 0.0
570, 0.0
571, 0.0
572, 0.0
573, 0.0
574, 0.0
575, 0.0
1782, 0.0
1781, 0.0
562, 0.0
561, 0.0
560, 0.0
551, 0.0
545, 0.0
546, 0.0
547, 0.0
548, 0.0
549, 0.0
550, 0.0
552, 0.0
559, 0.0
553, 0.0
554, 0.0
555, 0.0
556, 0.0
557, 0.0
558, 0.0
1780, 0.0
1779, 0.0
1778, 0.0
608, 0.0
602, 0.0
603, 0.0
604, 0.0
605, 0.0
606, 0.0
607, 0.0
609, 0.0
600, 0.0
610, 0.0
1768, 0.0
612, 0.0
613, 0.0
614, 0.0
1767, 0.0
601, 0.0
599, 0.0
1777, 0.0
1770, 0.0
1776, 0.0
1775, 0.0
1774, 0.0
1773, 0.0
1772, 0.0
1771, 0.0
1769, 0.0
598, 0.0
592, 0.0
593, 0.0
594, 0.0
595, 0.0
596, 0.0
597, 0.0
544, 0.0
1783, 0.0
1784, 0.0
492, 0.0
486, 0.0
487, 0.0
488, 0.0
489, 0.0
490, 0.0
491, 0.0
493, 0.0
484, 0.0
494, 0.0
357, 0.0
495, 0.0
1805, 0.0
499, 0.0
500, 0.0
485, 0.0
483, 0.0
503, 0.0
1809, 0.0
468, 0.0
1814, 0.0
1813, 0.0
1812, 0.0
1811, 0.0
1810, 0.0
1808, 0.0
482, 0.0
1807, 0.0
477, 0.0
1806, 0.0
479, 0.0
480, 0.0
481, 0.0
1804, 0.0
1803, 0.0
1785, 0.0
1793, 0.0
526, 0.0
527, 0.0
1797, 0.0
1796, 0.0
1795, 0.0
1794, 0.0
1792, 0.0
524, 0.0
1791, 0.0
1790, 0.0
1789, 0.0
1788, 0.0
1787, 0.0
1786, 0.0
525, 0.0
523, 0.0
1802, 0.0
514, 0.0
1801, 0.0
1800, 0.0
1799, 0.0
1798, 0.0
512, 0.0
513, 0.0
515, 0.0
522, 0.0
516, 0.0
517, 0.0
518, 0.0
519, 0.0
520, 0.0
521, 0.0
358, 0.0
1889, 0.0
356, 0.0
133, 0.0
1991, 0.0
1990, 0.0
116, 0.0
1989, 0.0
119, 0.0
1988, 0.0
1987, 0.0
1986, 0.0
1985, 0.0
1984, 0.0
1983, 0.0
1982, 0.0
1981, 0.0
1980, 0.0
129, 0.0
130, 0.0
1979, 0.0
1992, 0.0
1993, 0.0
1994, 0.0
1999, 0.0
92, 0.0
2004, 0.0
2003, 0.0
2002, 0.0
2001, 0.0
97, 0.0
2000, 0.0
100, 0.0
1995, 0.0
101, 0.0
102, 0.0
103, 0.0
104, 0.0
1998, 0.0
1997, 0.0
1996, 0.0
132, 0.0
134, 0.0
2006, 0.0
135, 0.0
164, 0.0
165, 0.0
166, 0.0
167, 0.0
168, 0.0
169, 0.0
170, 0.0
171, 0.0
172, 0.0
173, 0.0
174, 0.0
175, 0.0
1966, 0.0
177, 0.0
178, 0.0
180, 0.0
181, 0.0
163, 0.0
162, 0.0
161, 0.0
1974, 0.0
136, 0.0
1978, 0.0
1977, 0.0
139, 0.0
1976, 0.0
1975, 0.0
142, 0.0
1973, 0.0
160, 0.0
1972, 0.0
148, 0.0
1971, 0.0
1970, 0.0
1969, 0.0
1968, 0.0
1967, 0.0
2005, 0.0
2007, 0.0
183, 0.0
45, 0.0
2030, 0.0
2029, 0.0
2028, 0.0
2027, 0.0
2026, 0.0
32, 0.0
33, 0.0
34, 0.0
35, 0.0
36, 0.0
37, 0.0
38, 0.0
39, 0.0
40, 0.0
41, 0.0
42, 0.0
43, 0.0
2031, 0.0
2032, 0.0
2033, 0.0
2042, 0.0
2, 0.0
2045, 0.0
4, 0.0
5, 0.0
7, 0.0
2044, 0.0
2043, 0.0
2041, 0.0
2034, 0.0
12, 0.0
2040, 0.0
2039, 0.0
2038, 0.0
2037, 0.0
2036, 0.0
2035, 0.0
44, 0.0
46, 0.0
2008, 0.0
47, 0.0
2021, 0.0
2020, 0.0
2019, 0.0
2018, 0.0
2017, 0.0
2016, 0.0
2015, 0.0
2014, 0.0
2013, 0.0
2012, 0.0
2011, 0.0
82, 0.0
2010, 0.0
84, 0.0
85, 0.0
2009, 0.0
87, 0.0
2022, 0.0
2023, 0.0
2024, 0.0
55, 0.0
48, 0.0
49, 0.0
50, 0.0
51, 0.0
52, 0.0
53, 0.0
54, 0.0
56, 0.0
2025, 0.0
57, 0.0
58, 0.0
59, 0.0
60, 0.0
61, 0.0
62, 0.0
63, 0.0
182, 0.0
184, 0.0
355, 0.0
1912, 0.0
295, 0.0
296, 0.0
1921, 0.0
298, 0.0
299, 0.0
1920, 0.0
301, 0.0
1919, 0.0
1918, 0.0
1917, 0.0
1916, 0.0
306, 0.0
1915, 0.0
308, 0.0
309, 0.0
1914, 0.0
311, 0.0
1922, 0.0
293, 0.0
292, 0.0
1929, 0.0
1936, 0.0
1935, 0.0
1934, 0.0
1933, 0.0
1932, 0.0
1931, 0.0
1930, 0.0
1928, 0.0
291, 0.0
1927, 0.0
1926, 0.0
1925, 0.0
1924, 0.0
1923, 0.0
289, 0.0
290, 0.0
1913, 0.0
1911, 0.0
1938, 0.0
1910, 0.0
1765, 0.0
1888, 0.0
1887, 0.0
1886, 0.0
340, 0.0
1885, 0.0
1884, 0.0
1883, 0.0
1882, 0.0
1881, 0.0
1880, 0.0
1879, 0.0
1878, 0.0
1877, 0.0
352, 0.0
353, 0.0
354, 0.0
1890, 0.0
1891, 0.0
1892, 0.0
1902, 0.0
1909, 0.0
1908, 0.0
1907, 0.0
1906, 0.0
1905, 0.0
1904, 0.0
1903, 0.0
1901, 0.0
1893, 0.0
1900, 0.0
1899, 0.0
1898, 0.0
1897, 0.0
1896, 0.0
1895, 0.0
1894, 0.0
1937, 0.0
271, 0.0
1965, 0.0
226, 0.0
208, 0.0
209, 0.0
210, 0.0
211, 0.0
212, 0.0
213, 0.0
214, 0.0
215, 0.0
216, 0.0
217, 0.0
218, 0.0
219, 0.0
220, 0.0
221, 0.0
222, 0.0
223, 0.0
224, 0.0
1947, 0.0
1948, 0.0
1949, 0.0
1959, 0.0
1964, 0.0
187, 0.0
1963, 0.0
1962, 0.0
190, 0.0
1961, 0.0
1960, 0.0
1958, 0.0
1950, 0.0
1957, 0.0
1956, 0.0
1955, 0.0
1954, 0.0
1953, 0.0
1952, 0.0
1951, 0.0
225, 0.0
227, 0.0
1939, 0.0
228, 0.0
249, 0.0
250, 0.0
251, 0.0
252, 0.0
253, 0.0
254, 0.0
255, 0.0
1946, 0.0
1945, 0.0
260, 0.0
1944, 0.0
1943, 0.0
1942, 0.0
1941, 0.0
266, 0.0
1940, 0.0
269, 0.0
248, 0.0
247, 0.0
246, 0.0
236, 0.0
229, 0.0
230, 0.0
231, 0.0
232, 0.0
233, 0.0
234, 0.0
235, 0.0
237, 0.0
245, 0.0
238, 0.0
239, 0.0
240, 0.0
241, 0.0
242, 0.0
243, 0.0
244, 0.0
1766, 0.0
1747, 0.0
618, 0.0
1107, 0.0
1370, 0.0
1369, 0.0
1368, 0.0
1367, 0.0
1104, 0.0
1105, 0.0
1106, 0.0
1108, 0.0
1117, 0.0
1109, 0.0
1110, 0.0
1111, 0.0
1112, 0.0
1113, 0.0
1114, 0.0
1115, 0.0
1371, 0.0
1372, 0.0
1373, 0.0
1374, 0.0
1081, 0.0
1082, 0.0
1083, 0.0
1084, 0.0
1085, 0.0
1086, 0.0
1087, 0.0
1382, 0.0
1381, 0.0
1380, 0.0
1379, 0.0
1378, 0.0
1377, 0.0
1376, 0.0
1375, 0.0
1116, 0.0
1118, 0.0
1000, 0.0
1147, 0.0
1140, 0.0
1141, 0.0
1142, 0.0
1143, 0.0
1144, 0.0
1365, 0.0
1364, 0.0
1363, 0.0
1119, 0.0
1362, 0.0
1150, 0.0
1361, 0.0
1152, 0.0
1153, 0.0
1154, 0.0
1155, 0.0
1138, 0.0
1137, 0.0
1366, 0.0
1135, 0.0
1120, 0.0
1121, 0.0
1122, 0.0
1123, 0.0
1124, 0.0
1125, 0.0
1126, 0.0
1127, 0.0
1128, 0.0
1129, 0.0
1130, 0.0
1131, 0.0
1132, 0.0
1133, 0.0
1134, 0.0
1080, 0.0
1079, 0.0
1078, 0.0
1028, 0.0
1420, 0.0
1419, 0.0
2046, 0.0
1418, 0.0
1417, 0.0
1416, 0.0
1027, 0.0
1415, 0.0
1077, 0.0
1030, 0.0
1414, 0.0
1413, 0.0
1412, 0.0
1411, 0.0
1410, 0.0
1409, 0.0
1421, 0.0
1422, 0.0
1018, 0.0
1423, 0.0
1002, 0.0
1003, 0.0
1004, 0.0
1005, 0.0
1006, 0.0
1007, 0.0
1431, 0.0
1430, 0.0
1429, 0.0
1428, 0.0
1012, 0.0
1427, 0.0
1426, 0.0
1425, 0.0
1424, 0.0
1037, 0.0
1038, 0.0
1408, 0.0
1059, 0.0
1389, 0.0
1388, 0.0
1387, 0.0
1386, 0.0
1385, 0.0
1384, 0.0
1383, 0.0
1069, 0.0
1070, 0.0
1071, 0.0
1072, 0.0
1073, 0.0
1074, 0.0
1075, 0.0
1076, 0.0
1060, 0.0
1390, 0.0
1407, 0.0
1391, 0.0
1406, 0.0
1405, 0.0
1404, 0.0
1403, 0.0
1402, 0.0
1401, 0.0
1400, 0.0
1399, 0.0
1398, 0.0
1397, 0.0
1396, 0.0
1395, 0.0
1394, 0.0
1393, 0.0
1392, 0.0
1156, 0.0
1157, 0.0
1158, 0.0
1267, 0.0
1260, 0.0
1261, 0.0
1262, 0.0
1263, 0.0
1264, 0.0
1265, 0.0
1266, 0.0
1268, 0.0
1239, 0.0
1269, 0.0
1270, 0.0
1271, 0.0
1272, 0.0
1273, 0.0
1274, 0.0
1275, 0.0
1259, 0.0
1258, 0.0
1257, 0.0
1256, 0.0
1320, 0.0
1319, 0.0
1243, 0.0
1244, 0.0
1318, 0.0
1317, 0.0
1316, 0.0
1248, 0.0
1249, 0.0
1250, 0.0
1251, 0.0
1252, 0.0
1253, 0.0
1254, 0.0
1255, 0.0
1276, 0.0
1277, 0.0
1278, 0.0
1297, 0.0
1299, 0.0
1300, 0.0
1301, 0.0
1302, 0.0
1303, 0.0
1304, 0.0
1305, 0.0
1306, 0.0
1307, 0.0
1308, 0.0
1309, 0.0
1310, 0.0
1311, 0.0
1312, 0.0
1313, 0.0
1298, 0.0
1296, 0.0
1279, 0.0
1295, 0.0
1280, 0.0
1281, 0.0
1282, 0.0
1283, 0.0
1284, 0.0
1285, 0.0
1286, 0.0
1287, 0.0
1288, 0.0
1289, 0.0
1290, 0.0
1291, 0.0
1292, 0.0
1293, 0.0
1294, 0.0
1321, 0.0
1322, 0.0
1159, 0.0
1186, 0.0
1350, 0.0
1349, 0.0
1348, 0.0
1347, 0.0
1346, 0.0
1184, 0.0
1185, 0.0
1187, 0.0
1323, 0.0
1188, 0.0
1189, 0.0
1190, 0.0
1191, 0.0
1192, 0.0
1193, 0.0
1194, 0.0
1351, 0.0
1352, 0.0
1353, 0.0
1354, 0.0
1160, 0.0
1161, 0.0
1162, 0.0
1163, 0.0
1164, 0.0
1165, 0.0
1166, 0.0
1167, 0.0
1360, 0.0
1359, 0.0
1358, 0.0
1357, 0.0
1172, 0.0
1356, 0.0
1355, 0.0
1195, 0.0
1196, 0.0
1197, 0.0
1336, 0.0
1334, 0.0
1333, 0.0
1332, 0.0
1331, 0.0
1330, 0.0
1329, 0.0
1328, 0.0
1327, 0.0
1326, 0.0
1325, 0.0
1232, 0.0
1324, 0.0
1234, 0.0
1235, 0.0
1236, 0.0
1335, 0.0
1337, 0.0
1198, 0.0
1338, 0.0
1199, 0.0
1200, 0.0
1345, 0.0
1202, 0.0
1203, 0.0
1204, 0.0
1344, 0.0
1343, 0.0
1207, 0.0
1342, 0.0
1341, 0.0
1340, 0.0
1211, 0.0
1212, 0.0
1339, 0.0
1001, 0.0
999, 0.0
619, 0.0
745, 0.0
738, 0.0
739, 0.0
740, 0.0
741, 0.0
742, 0.0
743, 0.0
744, 0.0
746, 0.0
1696, 0.0
747, 0.0
748, 0.0
749, 0.0
750, 0.0
751, 0.0
756, 0.0
1697, 0.0
737, 0.0
736, 0.0
735, 0.0
734, 0.0
1698, 0.0
720, 0.0
721, 0.0
722, 0.0
723, 0.0
724, 0.0
725, 0.0
726, 0.0
727, 0.0
728, 0.0
729, 0.0
730, 0.0
731, 0.0
732, 0.0
733, 0.0
765, 0.0
771, 0.0
998, 0.0
804, 0.0
1653, 0.0
1652, 0.0
1651, 0.0
1650, 0.0
1649, 0.0
1648, 0.0
1647, 0.0
1638, 0.0
772, 0.0
1636, 0.0
1635, 0.0
1632, 0.0
1620, 0.0
1588, 0.0
816, 0.0
817, 0.0
1654, 0.0
1655, 0.0
1656, 0.0
788, 0.0
773, 0.0
1679, 0.0
1670, 0.0
776, 0.0
777, 0.0
778, 0.0
1667, 0.0
1664, 0.0
1663, 0.0
1662, 0.0
1661, 0.0
1660, 0.0
1659, 0.0
1658, 0.0
1657, 0.0
1699, 0.0
1700, 0.0
1701, 0.0
1749, 0.0
1753, 0.0
1752, 0.0
1751, 0.0
650, 0.0
651, 0.0
652, 0.0
1750, 0.0
655, 0.0
1702, 0.0
1748, 0.0
1314, 0.0
1746, 0.0
1745, 0.0
1744, 0.0
1727, 0.0
672, 0.0
646, 0.0
645, 0.0
644, 0.0
1754, 0.0
620, 0.0
1764, 0.0
1763, 0.0
623, 0.0
1762, 0.0
1761, 0.0
1760, 0.0
1759, 0.0
1758, 0.0
1757, 0.0
1756, 0.0
1755, 0.0
640, 0.0
641, 0.0
642, 0.0
673, 0.0
674, 0.0
675, 0.0
1718, 0.0
1715, 0.0
698, 0.0
699, 0.0
700, 0.0
703, 0.0
1712, 0.0
1711, 0.0
1710, 0.0
1709, 0.0
1708, 0.0
1707, 0.0
1706, 0.0
1705, 0.0
1704, 0.0
1703, 0.0
1716, 0.0
694, 0.0
676, 0.0
693, 0.0
677, 0.0
678, 0.0
679, 0.0
680, 0.0
681, 0.0
682, 0.0
683, 0.0
684, 0.0
685, 0.0
686, 0.0
687, 0.0
688, 0.0
689, 0.0
690, 0.0
692, 0.0
819, 0.0
820, 0.0
823, 0.0
945, 0.0
1462, 0.0
1461, 0.0
1460, 0.0
1459, 0.0
1458, 0.0
943, 0.0
944, 0.0
946, 0.0
1481, 0.0
947, 0.0
948, 0.0
949, 0.0
950, 0.0
951, 0.0
952, 0.0
953, 0.0
937, 0.0
1463, 0.0
1464, 0.0
1465, 0.0
1479, 0.0
1478, 0.0
1477, 0.0
1476, 0.0
1475, 0.0
1474, 0.0
1473, 0.0
1472, 0.0
1471, 0.0
1470, 0.0
1469, 0.0
1468, 0.0
1467, 0.0
932, 0.0
1466, 0.0
954, 0.0
955, 0.0
956, 0.0
1442, 0.0
1440, 0.0
1439, 0.0
1438, 0.0
1437, 0.0
1436, 0.0
1435, 0.0
1434, 0.0
1433, 0.0
1432, 0.0
992, 0.0
993, 0.0
994, 0.0
995, 0.0
996, 0.0
997, 0.0
1441, 0.0
1443, 0.0
957, 0.0
1444, 0.0
958, 0.0
959, 0.0
1457, 0.0
1456, 0.0
1455, 0.0
1454, 0.0
1453, 0.0
1452, 0.0
1451, 0.0
1450, 0.0
1449, 0.0
1448, 0.0
1447, 0.0
1446, 0.0
1445, 0.0
1480, 0.0
1482, 0.0
825, 0.0
1513, 0.0
852, 0.0
1518, 0.0
1517, 0.0
855, 0.0
1516, 0.0
1515, 0.0
1514, 0.0
1512, 0.0
1483, 0.0
1511, 0.0
1510, 0.0
1509, 0.0
864, 0.0
865, 0.0
866, 0.0
867, 0.0
851, 0.0
1519, 0.0
1520, 0.0
1521, 0.0
1540, 0.0
1535, 0.0
1534, 0.0
1533, 0.0
1532, 0.0
1531, 0.0
1530, 0.0
1529, 0.0
1528, 0.0
1527, 0.0
1526, 0.0
1525, 0.0
1524, 0.0
1523, 0.0
1522, 0.0
868, 0.0
869, 0.0
870, 0.0
1500, 0.0
1498, 0.0
1497, 0.0
1496, 0.0
1495, 0.0
1494, 0.0
1493, 0.0
1492, 0.0
1491, 0.0
1490, 0.0
1489, 0.0
1488, 0.0
1487, 0.0
1486, 0.0
1485, 0.0
1484, 0.0
1499, 0.0
1501, 0.0
871, 0.0
1502, 0.0
872, 0.0
873, 0.0
874, 0.0
875, 0.0
876, 0.0
877, 0.0
878, 0.0
879, 0.0
1508, 0.0
1507, 0.0
1506, 0.0
1505, 0.0
884, 0.0
1504, 0.0
1503, 0.0
2047, 0.0
