Hessian ranking (weighted sum * eigenvalue) for layer encoded_vector (param idx, rank)
670, 77.48075984418392
654, 67.21533678099513
796, 52.8535044893506
669, 52.58400549925864
78, 47.788378592114896
790, 46.519318813458085
653, 45.59750293567777
410, 38.68884760141373
794, 37.41662532277405
665, 37.10698680952191
1048, 36.66451555490494
77, 32.550492929294705
799, 32.42431163135916
649, 32.08804574981332
622, 31.02246304228902
798, 29.876627307385206
702, 28.43725542165339
1052, 28.429902844130993
1045, 27.86636090837419
664, 26.81179484538734
786, 26.264976643025875
1049, 24.239350259304047
73, 23.816434904932976
648, 23.21624982729554
795, 23.008237541653216
330, 22.503217508085072
1047, 22.42070222273469
792, 21.597844395786524
621, 21.04499903600663
838, 20.29636657331139
785, 20.03213123907335
844, 19.34468102734536
701, 19.2912482265383
394, 18.960142055497272
30, 18.517831498757005
1093, 18.406357972882688
1098, 17.491784940008074
414, 16.825776860117912
858, 16.588866537902504
797, 16.274763021618128
72, 16.180159965530038
198, 15.680805836804211
1042, 15.57416938059032
286, 15.5537778143771
774, 15.120233395136893
332, 15.096433857921511
408, 14.901954730972648
784, 14.891730569303036
617, 14.809868141077459
1032, 14.759296458214521
922, 14.633146554115228
412, 14.187806039117277
204, 13.679990054806694
1050, 13.63601701380685
663, 13.620286375284195
780, 13.585663443431258
697, 13.5757119609043
282, 13.517504196614027
1566, 13.470449812244624
789, 13.438799743540585
791, 13.372757811797783
206, 13.140819028019905
1690, 12.98460199253168
1096, 12.843686668202281
1097, 12.838546300306916
26, 12.764081156812608
1561, 12.648188131395727
926, 12.60492136515677
847, 12.571944501483813
1178, 12.513230677694082
714, 12.239307353433105
924, 12.229441674426198
860, 12.188262489624321
718, 12.118713328614831
328, 12.100316992495209
918, 12.094432698446326
407, 12.049574505537748
717, 12.007601672085002
647, 11.803913146723062
846, 11.784826079383492
834, 11.75851789303124
856, 11.643235498573631
413, 11.35519893001765
1562, 11.095775002148002
278, 10.996780695393682
283, 10.99189500324428
405, 10.983426654711366
843, 10.896934286109172
1685, 10.740667609497905
616, 10.715191760566086
1033, 10.550625279545784
1565, 10.30675554368645
793, 10.26692757382989
1040, 10.105561568401754
1036, 10.018881432712078
696, 9.822259065229446
346, 9.70585684478283
126, 9.486076735891402
1029, 9.38978766836226
281, 9.382405122742057
1545, 9.271540151908994
207, 9.25993829453364
1173, 9.172468887642026
409, 9.166448035277426
1674, 9.031139061087742
325, 8.994772209087387
1550, 8.969944914802909
783, 8.894438663031906
397, 8.893304077908397
1031, 8.878291366621852
280, 8.783368347212672
1090, 8.676569838193245
350, 8.66160278674215
1564, 8.651559118181467
1689, 8.617641905322671
590, 8.585134683409706
914, 8.575323945842683
391, 8.566366447135806
1691, 8.527520257979631
1669, 8.277158619835973
153, 8.213857230730355
392, 8.15840857475996
71, 8.155357385519892
1181, 8.113393064588308
853, 8.108634103788063
203, 8.07907926151529
833, 7.923136975849047
347, 7.9163373578339815
779, 7.773026334587485
927, 7.70014664856717
1557, 7.630651548504829
832, 7.6201716447249055
194, 7.602859214879572
284, 7.434609269257635
1100, 7.430717945098877
398, 7.407933668466285
770, 7.393473822623491
406, 7.340303510427475
402, 7.281679207459092
1041, 7.220666721463203
1552, 7.177045060321689
1061, 7.1322498973459005
1555, 7.08426708728075
1242, 7.0645874531473964
787, 6.9867664240300655
925, 6.947450566571206
1089, 6.941587224602699
1554, 6.849996149059734
1675, 6.837644953280687
1673, 6.787741616368294
806, 6.761038460186683
205, 6.7556440606713295
329, 6.748678848496638
890, 6.673965573310852
342, 6.6508900579065084
1099, 6.620931888115592
1559, 6.558975683350582
362, 6.513470381731167
1558, 6.4916632059030235
894, 6.4742232812568545
333, 6.412384107941762
842, 6.393524163868278
1101, 6.363099508918822
923, 6.341149863786995
411, 6.265217249514535
1026, 6.256978826597333
920, 6.243219408206642
335, 6.240269685164094
705, 6.22565692383796
474, 6.222815412096679
442, 6.193337874719873
839, 6.128550095949322
396, 6.06276171375066
110, 6.060230089351535
812, 6.040113135124557
1553, 6.023537395521998
1066, 6.021855118917301
334, 5.915279783308506
1237, 5.8871427974663675
1095, 5.869015920907259
154, 5.855317265726626
1169, 5.849403481464833
344, 5.8425096878781915
1563, 5.739921797066927
912, 5.719126001000404
345, 5.713504125596955
1068, 5.704798570484854
137, 5.684866420459002
857, 5.665874716825783
400, 5.640591947361827
782, 5.590085383038968
458, 5.534919813275337
144, 5.5222801943309605
970, 5.492951509280829
1064, 5.491722929291427
615, 5.447960048681125
913, 5.447041838779114
1102, 5.438094725832343
1245, 5.429762423038483
1682, 5.412815421819687
769, 5.37558861321304
28, 5.368669536663219
1694, 5.252403588528978
393, 5.241938592866063
589, 5.234646196011454
193, 5.2036197409033775
893, 5.197430949192494
1693, 5.183379688765854
326, 5.151620416669175
285, 5.010292388498783
695, 4.993963529821485
974, 4.978257725422736
389, 4.95820208452642
29, 4.937570472247899
861, 4.904393194592558
1539, 4.839669738896191
1567, 4.828842484857887
921, 4.796703364700079
919, 4.782401975244284
716, 4.721293116919696
19, 4.634612008463591
348, 4.618650701479055
192, 4.598292364738882
709, 4.59510586084798
302, 4.593376191332936
201, 4.547833487129537
1548, 4.511571988463402
1543, 4.5110839530825615
395, 4.504800061462447
1536, 4.488475100137293
1560, 4.476279642898589
863, 4.411646214779466
1051, 4.399861613055691
768, 4.397623707598541
710, 4.394845713628456
1681, 4.393085668445565
401, 4.37744144257158
815, 4.355571072228486
27, 4.353070412762463
1666, 4.3326211757957935
310, 4.327775503508747
24, 4.310042651370168
156, 4.3003241201804485
199, 4.2855760753154755
1692, 4.252933470765129
585, 4.230647423828486
840, 4.152564760821406
802, 4.008791114203632
349, 3.997618411667645
138, 3.9908457566052675
1233, 3.990822659805417
1088, 3.9678838099353015
315, 3.9654688918963075
469, 3.9310621817130595
1182, 3.923059571534395
157, 3.91336747771129
915, 3.8587353387847543
331, 3.8068696814589202
128, 3.8047420126385987
1678, 3.797206085640937
538, 3.7963998549384996
125, 3.7557721016928554
942, 3.7465137550607324
938, 3.7178409805055708
25, 3.699479720555246
1544, 3.6927120815962553
811, 3.6704816761193797
1210, 3.6599668730050325
707, 3.6595965404994786
1677, 3.6350678503513336
1046, 3.5986791637260467
584, 3.5937366387806833
318, 3.5885355146601796
1065, 3.5781262079253793
403, 3.575501506915316
272, 3.567203601822257
1063, 3.5513166058808565
1025, 3.5227213837206364
862, 3.514530984684825
706, 3.5031512746354565
713, 3.4952889243140817
883, 3.489108773879707
814, 3.4845606395974755
1226, 3.4663080596365035
1549, 3.4571616880130023
1610, 3.4559775013040053
1629, 3.4531894109677523
826, 3.4362293129088357
1538, 3.4185188645496964
159, 3.417403089813888
415, 3.408948095049709
316, 3.4064075691858307
1177, 3.401789073832333
90, 3.3728651432320476
1676, 3.3122891935054213
300, 3.3102807181421667
1024, 3.309320458676666
775, 3.2989422872196883
386, 3.2779446081258357
109, 3.240429006749764
1541, 3.222560878843069
841, 3.217029651394114
1665, 3.2023224663280416
1597, 3.157793484919239
824, 3.1507969351951033
365, 3.1455499067669734
351, 3.096665848977864
74, 3.0943316092016175
287, 3.0753723353846
828, 3.0584537244867533
1205, 3.049965556478128
973, 3.0114825998898596
1617, 2.9897608750034124
314, 2.983688090927899
1688, 2.973801475018263
892, 2.9528960838215426
140, 2.9523914346209494
917, 2.9466701655182987
881, 2.917633764212951
1057, 2.8922361828153953
845, 2.884152914164588
366, 2.8810347043909132
445, 2.868001385999378
801, 2.826642676256597
317, 2.8243463411927223
1213, 2.813009658595547
124, 2.8004325486253947
200, 2.7962991944514215
460, 2.7935013889800757
1055, 2.792325837071985
1176, 2.7848959234543145
1246, 2.7595763029530644
108, 2.7292207909049466
141, 2.708050233311951
588, 2.698774323798716
715, 2.6857977731269784
446, 2.672203508205712
850, 2.659471118822694
583, 2.6222544037736952
712, 2.6072336765937507
810, 2.6041179643943906
322, 2.5779544312972575
711, 2.57551415450871
273, 2.5695930931833573
18, 2.5362177950446494
859, 2.5348019333323464
277, 2.499261812772602
719, 2.4880464096204378
1058, 2.4499287521466613
21, 2.42541443173468
1605, 2.419653638964519
16, 2.407917015720159
888, 2.3891747028101236
972, 2.3549206720199436
1022, 2.3547728694975376
336, 2.353384613059461
837, 2.3454063306562603
143, 2.3435535228345543
185, 2.3330955021083355
1546, 2.3290023856097832
385, 2.304418229032308
105, 2.30023506260477
94, 2.2693045120686293
1221, 2.269170898827724
807, 2.2572017832426354
578, 2.2176369874505326
800, 2.2123939350713044
1551, 2.2123366286978126
1020, 2.20817458210513
115, 2.190122586878715
478, 2.1534795775078237
339, 2.14651323761791
462, 2.1098190906341188
1609, 2.10871863598004
1017, 2.083720377413556
1687, 2.0789587520994246
1054, 2.076222913339734
1201, 2.0675346213392913
274, 2.0647645918652415
537, 2.06258749042172
1056, 2.0516762604238465
542, 2.04277570231352
319, 2.0412184251472354
821, 2.028534250683151
887, 2.0201465224381536
88, 2.001040409086272
886, 1.9949881859356537
1614, 1.9939875424606726
835, 1.9873024225234985
202, 1.9705091369105503
535, 1.9633663669228554
963, 1.9260363108332967
275, 1.9102444318123162
89, 1.9101890581659973
472, 1.9099459288991056
1613, 1.877761602459941
1593, 1.8754389726091176
1585, 1.8678896920755506
470, 1.8576592265744694
968, 1.8569479072175454
941, 1.853390013682656
1672, 1.8529550966341048
1598, 1.8513580597937107
467, 1.822554092403152
1174, 1.8167879827669822
1229, 1.812592297559604
320, 1.7915655174292624
321, 1.7901591560221277
312, 1.7701511562336236
966, 1.7649356301990338
1179, 1.7507151606841944
327, 1.744033427676186
1034, 1.711010315688327
891, 1.7089806047733873
456, 1.705098373349756
961, 1.6917861909023486
363, 1.6906992337317206
313, 1.6897827498614788
916, 1.6876031958672684
1094, 1.6858940890524536
476, 1.6732545136474073
536, 1.6508240089460742
186, 1.6378616853617132
666, 1.6272875720169395
582, 1.627154202084057
106, 1.6147931788582355
443, 1.613241322687827
829, 1.605710858013481
337, 1.6013727099634707
359, 1.598125895485282
384, 1.5938229995081201
581, 1.586066163610667
808, 1.5813812634442002
1170, 1.5700754337012768
1008, 1.5671561387134716
1091, 1.565432415343821
1738, 1.5652737520285882
1240, 1.5621784590184689
176, 1.5614837364992127
1035, 1.55831802560715
533, 1.544165663937747
96, 1.539491033530794
1014, 1.532561142113991
1238, 1.5239101932529593
1671, 1.5155337317846715
453, 1.5151134198531508
1547, 1.5071432470576838
461, 1.5063946429872885
1621, 1.4944354895269498
704, 1.484584579942748
586, 1.4806935832602903
439, 1.4806362786330283
1225, 1.459829774685204
455, 1.447071082657203
99, 1.4364284399543976
1214, 1.4296599682420492
31, 1.4250818627187982
473, 1.3955697743331257
114, 1.3869608594104648
1023, 1.3843106753192842
457, 1.373864547116682
781, 1.355865624267608
587, 1.3554077140288427
1015, 1.347165238490561
1611, 1.3432046572561376
591, 1.3387911433819681
830, 1.3320234172279015
882, 1.3250694408197887
91, 1.2919233462307602
22, 1.280744998541195
931, 1.2792607913725078
940, 1.273916466278024
454, 1.273031607066514
1217, 1.2712043828796595
986, 1.2656649149139412
530, 1.2552251293091103
1556, 1.2449696210533148
1241, 1.2394753834232688
1684, 1.2271109687862918
1602, 1.2197855287813582
122, 1.2164268010528758
188, 1.2116751276007562
634, 1.2075925774406642
305, 1.1903225956484675
1601, 1.1857914091087878
67, 1.1813520439027343
1010, 1.175584419630468
450, 1.1664656109642237
464, 1.1610408049309626
288, 1.1563295072410256
805, 1.1548366111237556
638, 1.150257677771151
936, 1.1379926254448947
1011, 1.134769091848284
1019, 1.120489063905552
906, 1.1189831572119147
189, 1.111396349268034
659, 1.1019580592401326
1733, 1.0986183935892768
962, 1.0946816185605712
466, 1.093769570114091
577, 1.0752766772639006
1587, 1.0705250571481884
631, 1.0702086384408176
1624, 1.0615028908941895
848, 1.0496867131441832
967, 1.0254361274419352
658, 1.0233502881601453
960, 1.0198234455892816
541, 1.0125021657122488
929, 1.011998133326415
1039, 1.0082891346828546
576, 1.0041101957322098
633, 1.0037611596053466
1227, 1.0030108126811683
1596, 0.9984062449075282
1230, 0.997401918633841
1180, 0.9862779872491956
1584, 0.9819165214430541
971, 0.9815272376872599
643, 0.98144655051874
64, 0.9784620358841494
1591, 0.9745938465930521
191, 0.9618051436846144
76, 0.9602900870377198
17, 0.9575230499031022
111, 0.9482586261583492
506, 0.9399661843199283
294, 0.9291864949846058
1016, 0.9155135038308799
854, 0.9143135179765522
1737, 0.9090369530022144
1092, 0.907591691124253
1612, 0.9014891205588356
1739, 0.8938016681931913
1668, 0.8929387823445722
1600, 0.8768203580402769
532, 0.8730260417505633
98, 0.872638595465105
123, 0.8662192223127931
1589, 0.8654491636407329
540, 0.8634549494454404
1606, 0.859715353581123
471, 0.8590536130941473
80, 0.8577183920424432
1224, 0.8491248989012092
1218, 0.8456122255884111
629, 0.8283284961362369
1578, 0.8216218412271701
831, 0.8206110842293128
197, 0.8102053560432978
1208, 0.8093213462270796
83, 0.807769293198362
813, 0.8024394891690463
632, 0.8023336556507275
1626, 0.800586806202773
121, 0.7990335754002444
965, 0.7988910102285445
1206, 0.7894956333911978
934, 0.7893084163370077
1603, 0.7807688718457939
1608, 0.7684408304630779
1592, 0.7633416331373155
304, 0.7587508060969412
662, 0.7421970046125352
809, 0.7419961499690544
975, 0.7311361982719973
459, 0.7269057700759731
307, 0.71456508920528
1604, 0.7141745544795413
1742, 0.7131208014907315
928, 0.7072189190657809
452, 0.7057249490753748
626, 0.7043430771445855
849, 0.7014585377182811
667, 0.6963777100318111
262, 0.6944849324645475
1053, 0.692031160229817
1619, 0.690590243175393
983, 0.6865998959983699
935, 0.6681934448424727
297, 0.6679289769381285
880, 0.665955354252219
1043, 0.6619654552196153
1183, 0.6590206491528079
933, 0.6563291788334027
303, 0.6508198596420698
980, 0.6443575598241296
1209, 0.6421378736849874
1730, 0.6388481622561812
1013, 0.6312280766433105
510, 0.6294465217506513
264, 0.619457931490615
904, 0.6192037274013273
505, 0.6174350458313711
1009, 0.6094470425596228
475, 0.604554926045239
463, 0.60258168229484
803, 0.5986841381527483
1622, 0.5943026400054805
1628, 0.5860339971841313
449, 0.5846894927090034
120, 0.5820932533533778
543, 0.5774507866008207
827, 0.5729889793874463
279, 0.5714802110451274
1062, 0.5688590892750653
93, 0.567935061379103
465, 0.5642070284520742
1686, 0.5637380060506985
448, 0.5584850595187163
323, 0.5515168277779594
79, 0.5514750597067177
1586, 0.5454158470965922
539, 0.5430100702506024
107, 0.5425893922656542
508, 0.5329071149390074
1175, 0.5275148319196887
1615, 0.526957454479998
10, 0.518902316573076
1741, 0.5183380002272315
1736, 0.5172765266615897
1616, 0.5171329841250554
75, 0.5067770511377603
451, 0.5057969792396761
117, 0.5051090279230266
147, 0.4964927380642621
661, 0.49350444797892123
1573, 0.4924833785626106
668, 0.4892175052082166
270, 0.48067441541934386
969, 0.47967033612076193
1607, 0.47264071996323764
1228, 0.47263808612478897
762, 0.4712006802437827
1599, 0.46685734984930605
671, 0.46461232769070193
1740, 0.46311757431249134
611, 0.4529753552924376
1171, 0.4509740035282448
1729, 0.45068689715117216
504, 0.4497993412296637
990, 0.44777421187609434
639, 0.4466670523106586
1021, 0.44074488908518106
1630, 0.4371961990837008
939, 0.43509940561125404
258, 0.43402094120392576
1145, 0.4271865196933504
399, 0.42029102984815836
978, 0.4180694636888802
691, 0.4152274047883111
69, 0.414673101331573
889, 0.40714915189892054
501, 0.39031153022369836
985, 0.3850739946574322
324, 0.3739390906121116
908, 0.3691233167119208
1683, 0.3640079826582223
895, 0.3636963051976636
988, 0.3614723603564016
901, 0.360299819993088
81, 0.360139976030041
66, 0.3595015029350179
390, 0.35869527159957215
1572, 0.35752973980197567
259, 0.35427060833899304
430, 0.3533366542542353
898, 0.35100650673848577
14, 0.34912375023122877
1103, 0.347227840567939
127, 0.3461329878336983
977, 0.3408174540527398
1618, 0.3386599399723309
267, 0.3363846114370972
498, 0.3293212690332439
910, 0.32723909051856026
981, 0.3251033425622154
885, 0.32149163057329133
1581, 0.3211765868982184
818, 0.32008436316391453
1222, 0.31715519788849633
1595, 0.31193923437967896
95, 0.3111901373777073
930, 0.3096295623690821
8, 0.3078523901058361
1734, 0.3057103065075353
131, 0.30292584089329466
1627, 0.2999561592005193
1146, 0.2998901432729326
1231, 0.29676289451890625
261, 0.29539304319769144
9, 0.2938752587651834
528, 0.29137213362264447
86, 0.2876948349912709
1136, 0.28590547741623595
529, 0.27569930154277245
754, 0.27461410872638226
1542, 0.2735849700984545
338, 0.27080500044394284
637, 0.270532724855002
989, 0.26992756648905925
909, 0.26762442770268535
511, 0.2674664062942611
428, 0.25463698197563644
1594, 0.25116691342554986
656, 0.2431081646354869
991, 0.24200390017358586
984, 0.24141560055574018
822, 0.2406000257760752
1735, 0.23883734905393794
657, 0.23310043704987038
625, 0.23069790180306882
1625, 0.22793870375608094
437, 0.22716567871975712
268, 0.22476025161449797
1642, 0.2233230246201856
1148, 0.22185601021737966
1637, 0.22062488619121723
1580, 0.21865643653291045
265, 0.2170872002025135
534, 0.21603288350161165
635, 0.2150816860885243
1574, 0.20914812233968405
1168, 0.20854909135960042
905, 0.20656503975624219
341, 0.20563835615757853
766, 0.2046066237380728
1067, 0.20378065513068577
1149, 0.2034951118985191
1731, 0.203285907919053
11, 0.19875744864111766
767, 0.19822896689856861
579, 0.1950673765531974
387, 0.19457436559605412
1577, 0.1924573371070437
1247, 0.19214861851651222
1223, 0.19165669102221727
660, 0.19153378814371536
68, 0.19153378814371536
195, 0.1895933095656801
263, 0.18686712044291198
760, 0.18234034668421373
1623, 0.18147756333928555
1582, 0.1813015093212016
1151, 0.17610517279535998
118, 0.17192814688314684
1643, 0.17151298560202122
911, 0.17121032916475087
1570, 0.1690309730474837
964, 0.16876030952334986
763, 0.16189644044061424
1569, 0.16057019199070055
531, 0.16040468972641975
1641, 0.16029351385077462
20, 0.15961149128452234
899, 0.15772741954424419
759, 0.15764275458059274
1722, 0.15632611567343702
1579, 0.15617903453676263
1717, 0.1544374281565979
982, 0.1524839108606102
755, 0.15197390361572616
65, 0.1511129291029647
987, 0.15050907380646095
112, 0.1480327317258343
70, 0.14403529791161418
761, 0.1415337797079701
1568, 0.14018327422218135
1634, 0.1372306206758367
502, 0.13285357123822905
0, 0.13195666718820576
907, 0.1299529338721186
507, 0.12729196215514094
440, 0.12695695025104214
1644, 0.1256061661260901
438, 0.12544490571963252
179, 0.12432217447349103
3, 0.12427219492383301
900, 0.12273477899725549
1732, 0.1227111026091734
1220, 0.1227111026091734
1723, 0.12005909147410421
509, 0.11770883730787318
624, 0.11527098427177407
708, 0.11492027204985789
496, 0.1143889217346441
979, 0.11286401710822247
1721, 0.11220546133699827
1219, 0.11209917609812692
146, 0.10769181193609256
435, 0.10264478033580815
1215, 0.09954687289427966
113, 0.09892364521510899
764, 0.09723933078930713
1714, 0.09606143092969432
1680, 0.09579173725796863
1044, 0.09576689407185768
1576, 0.09528716234490275
378, 0.09436618192557944
976, 0.09040646796347573
1646, 0.08958664895908441
902, 0.08937616150069516
416, 0.08894842320296448
1724, 0.08792431947222212
13, 0.08737462948920438
1583, 0.08661761223629583
897, 0.08616211733897217
1571, 0.08456492648110725
580, 0.08440119465012685
343, 0.08210827464790782
1633, 0.0809769649640657
158, 0.08023788842547219
1645, 0.07970084259068244
257, 0.07814169030189078
758, 0.07757542812760221
497, 0.07644099168828689
1743, 0.07372746160399402
23, 0.07212425073521445
1575, 0.07155356970906723
152, 0.0715060209913645
422, 0.07147588765974433
1695, 0.07117639474199677
444, 0.06805499667825643
752, 0.06711260555312037
1216, 0.06618414340482559
753, 0.06571963770625189
276, 0.06384459526179853
155, 0.06348880178484251
1726, 0.06271065731561976
151, 0.06182068679481745
256, 0.061553333420306444
628, 0.061367389498627745
836, 0.061367389498627745
432, 0.058643842763558496
896, 0.05755091679748148
1713, 0.05668387046898715
376, 0.056431405668263324
1725, 0.055790590835385956
1, 0.05540614869460114
903, 0.054270581851596944
1631, 0.054167534501175396
1590, 0.05155870856833644
757, 0.05155293378629722
425, 0.05137915149680339
373, 0.050484815932577476
431, 0.05006306536233751
15, 0.047875405278318794
1728, 0.045174699975177646
6, 0.04426074318780593
1639, 0.04272412219870603
377, 0.042036146434838884
196, 0.03830675617018642
370, 0.03491787419261527
636, 0.034425938199433403
382, 0.03422639691416407
1537, 0.030783090010345404
150, 0.030421737319556996
379, 0.030181640289811185
1719, 0.029906885356467683
145, 0.025772406751002563
1139, 0.02276321347380872
1640, 0.022717687534168363
149, 0.02021683742350433
381, 0.019233893843193073
380, 0.01861909288345487
434, 0.018488238484678732
1720, 0.015902381725027226
375, 0.014689343435748015
630, 0.014522276379466348
627, 0.010748954307928216
369, 0.009340497490484267
1835, 0.0
1842, 0.0
420, 0.0
1845, 0.0
1844, 0.0
404, 0.0
419, 0.0
418, 0.0
1843, 0.0
1841, 0.0
1836, 0.0
417, 0.0
1840, 0.0
1839, 0.0
597, 0.0
596, 0.0
1838, 0.0
1837, 0.0
1833, 0.0
1834, 0.0
560, 0.0
421, 0.0
1829, 0.0
1821, 0.0
1822, 0.0
1823, 0.0
1824, 0.0
447, 0.0
1825, 0.0
1826, 0.0
1759, 0.0
1827, 0.0
1828, 0.0
441, 0.0
1758, 0.0
1757, 0.0
1756, 0.0
423, 0.0
1830, 0.0
436, 0.0
592, 0.0
433, 0.0
593, 0.0
1831, 0.0
429, 0.0
1832, 0.0
427, 0.0
426, 0.0
594, 0.0
424, 0.0
1846, 0.0
595, 0.0
1851, 0.0
1847, 0.0
353, 0.0
1865, 0.0
606, 0.0
1866, 0.0
607, 0.0
361, 0.0
360, 0.0
1867, 0.0
608, 0.0
358, 0.0
357, 0.0
356, 0.0
355, 0.0
354, 0.0
352, 0.0
605, 0.0
1868, 0.0
1869, 0.0
1870, 0.0
1871, 0.0
1872, 0.0
1873, 0.0
1874, 0.0
1875, 0.0
609, 0.0
1876, 0.0
1877, 0.0
340, 0.0
1878, 0.0
364, 0.0
604, 0.0
1848, 0.0
1860, 0.0
1849, 0.0
1850, 0.0
1819, 0.0
1852, 0.0
1853, 0.0
1854, 0.0
1855, 0.0
598, 0.0
1856, 0.0
1857, 0.0
1858, 0.0
388, 0.0
1859, 0.0
1861, 0.0
1864, 0.0
1862, 0.0
383, 0.0
599, 0.0
600, 0.0
601, 0.0
602, 0.0
374, 0.0
603, 0.0
372, 0.0
371, 0.0
368, 0.0
367, 0.0
1863, 0.0
1820, 0.0
1813, 0.0
1818, 0.0
500, 0.0
1785, 0.0
1786, 0.0
527, 0.0
526, 0.0
525, 0.0
524, 0.0
523, 0.0
564, 0.0
522, 0.0
521, 0.0
520, 0.0
519, 0.0
518, 0.0
517, 0.0
516, 0.0
515, 0.0
514, 0.0
513, 0.0
512, 0.0
1787, 0.0
1788, 0.0
565, 0.0
1789, 0.0
566, 0.0
1790, 0.0
1791, 0.0
1792, 0.0
503, 0.0
1793, 0.0
1784, 0.0
1783, 0.0
1782, 0.0
545, 0.0
558, 0.0
557, 0.0
556, 0.0
555, 0.0
554, 0.0
553, 0.0
552, 0.0
551, 0.0
550, 0.0
549, 0.0
548, 0.0
547, 0.0
546, 0.0
544, 0.0
563, 0.0
1771, 0.0
1772, 0.0
1773, 0.0
1774, 0.0
1775, 0.0
1776, 0.0
1777, 0.0
1778, 0.0
1779, 0.0
561, 0.0
562, 0.0
1780, 0.0
1781, 0.0
1794, 0.0
499, 0.0
1817, 0.0
1795, 0.0
1796, 0.0
477, 0.0
1797, 0.0
1798, 0.0
1799, 0.0
1800, 0.0
1801, 0.0
1802, 0.0
1803, 0.0
1765, 0.0
1804, 0.0
1764, 0.0
468, 0.0
1763, 0.0
1805, 0.0
1762, 0.0
1761, 0.0
1760, 0.0
1806, 0.0
1807, 0.0
1808, 0.0
1809, 0.0
1810, 0.0
1811, 0.0
1812, 0.0
559, 0.0
1814, 0.0
1815, 0.0
1816, 0.0
479, 0.0
1766, 0.0
1767, 0.0
574, 0.0
567, 0.0
568, 0.0
495, 0.0
494, 0.0
493, 0.0
492, 0.0
569, 0.0
491, 0.0
490, 0.0
570, 0.0
571, 0.0
572, 0.0
573, 0.0
489, 0.0
1768, 0.0
488, 0.0
575, 0.0
487, 0.0
1770, 0.0
1769, 0.0
486, 0.0
485, 0.0
484, 0.0
483, 0.0
482, 0.0
1880, 0.0
481, 0.0
480, 0.0
1879, 0.0
1894, 0.0
1881, 0.0
1987, 0.0
1994, 0.0
1993, 0.0
1992, 0.0
1991, 0.0
1990, 0.0
1989, 0.0
1988, 0.0
1986, 0.0
104, 0.0
116, 0.0
1985, 0.0
1984, 0.0
119, 0.0
1983, 0.0
1982, 0.0
1981, 0.0
1995, 0.0
103, 0.0
1979, 0.0
2001, 0.0
2006, 0.0
87, 0.0
2005, 0.0
2004, 0.0
2003, 0.0
2002, 0.0
92, 0.0
2000, 0.0
102, 0.0
1999, 0.0
1998, 0.0
97, 0.0
1997, 0.0
1996, 0.0
100, 0.0
101, 0.0
1980, 0.0
1978, 0.0
172, 0.0
162, 0.0
1966, 0.0
1965, 0.0
1964, 0.0
1963, 0.0
1962, 0.0
160, 0.0
161, 0.0
163, 0.0
1967, 0.0
164, 0.0
165, 0.0
166, 0.0
167, 0.0
168, 0.0
169, 0.0
170, 0.0
148, 0.0
1968, 0.0
1977, 0.0
134, 0.0
1976, 0.0
1975, 0.0
129, 0.0
130, 0.0
1974, 0.0
132, 0.0
133, 0.0
135, 0.0
1969, 0.0
136, 0.0
1973, 0.0
1972, 0.0
139, 0.0
1971, 0.0
1970, 0.0
142, 0.0
85, 0.0
84, 0.0
2007, 0.0
34, 0.0
2030, 0.0
2029, 0.0
2028, 0.0
2027, 0.0
2026, 0.0
32, 0.0
33, 0.0
35, 0.0
2032, 0.0
36, 0.0
37, 0.0
38, 0.0
39, 0.0
40, 0.0
41, 0.0
42, 0.0
2031, 0.0
2033, 0.0
82, 0.0
2042, 0.0
2, 0.0
4, 0.0
5, 0.0
7, 0.0
2045, 0.0
2044, 0.0
2043, 0.0
12, 0.0
2034, 0.0
2041, 0.0
2040, 0.0
2039, 0.0
2038, 0.0
2037, 0.0
2036, 0.0
2035, 0.0
43, 0.0
44, 0.0
45, 0.0
2016, 0.0
2023, 0.0
2022, 0.0
2021, 0.0
2020, 0.0
2019, 0.0
2018, 0.0
2017, 0.0
2015, 0.0
46, 0.0
2014, 0.0
2013, 0.0
2012, 0.0
2011, 0.0
2010, 0.0
2009, 0.0
2008, 0.0
2024, 0.0
2025, 0.0
63, 0.0
62, 0.0
47, 0.0
48, 0.0
49, 0.0
50, 0.0
51, 0.0
52, 0.0
53, 0.0
54, 0.0
55, 0.0
56, 0.0
57, 0.0
58, 0.0
59, 0.0
60, 0.0
61, 0.0
171, 0.0
173, 0.0
1882, 0.0
1917, 0.0
1924, 0.0
1923, 0.0
1922, 0.0
1921, 0.0
1920, 0.0
1919, 0.0
1918, 0.0
1916, 0.0
1926, 0.0
1915, 0.0
289, 0.0
290, 0.0
291, 0.0
292, 0.0
293, 0.0
1914, 0.0
1925, 0.0
1927, 0.0
296, 0.0
1934, 0.0
1940, 0.0
1939, 0.0
260, 0.0
1938, 0.0
1937, 0.0
1936, 0.0
1935, 0.0
266, 0.0
1928, 0.0
1933, 0.0
1932, 0.0
269, 0.0
1931, 0.0
271, 0.0
1930, 0.0
1929, 0.0
295, 0.0
1913, 0.0
174, 0.0
1891, 0.0
1898, 0.0
1897, 0.0
1896, 0.0
1895, 0.0
1755, 0.0
1893, 0.0
1892, 0.0
1890, 0.0
1900, 0.0
1889, 0.0
1888, 0.0
1887, 0.0
1886, 0.0
1885, 0.0
1884, 0.0
1883, 0.0
1899, 0.0
1901, 0.0
298, 0.0
306, 0.0
299, 0.0
1912, 0.0
301, 0.0
1911, 0.0
1910, 0.0
1909, 0.0
1908, 0.0
1907, 0.0
1902, 0.0
308, 0.0
309, 0.0
1906, 0.0
311, 0.0
1905, 0.0
1904, 0.0
1903, 0.0
255, 0.0
254, 0.0
253, 0.0
1944, 0.0
1951, 0.0
1950, 0.0
1949, 0.0
1948, 0.0
1947, 0.0
1946, 0.0
1945, 0.0
1943, 0.0
1953, 0.0
1942, 0.0
1941, 0.0
208, 0.0
209, 0.0
210, 0.0
211, 0.0
212, 0.0
1952, 0.0
1954, 0.0
252, 0.0
183, 0.0
175, 0.0
1961, 0.0
177, 0.0
178, 0.0
180, 0.0
181, 0.0
182, 0.0
184, 0.0
1955, 0.0
1960, 0.0
1959, 0.0
187, 0.0
1958, 0.0
1957, 0.0
190, 0.0
1956, 0.0
213, 0.0
214, 0.0
215, 0.0
243, 0.0
236, 0.0
237, 0.0
238, 0.0
239, 0.0
240, 0.0
241, 0.0
242, 0.0
244, 0.0
216, 0.0
245, 0.0
246, 0.0
247, 0.0
248, 0.0
249, 0.0
250, 0.0
251, 0.0
235, 0.0
234, 0.0
233, 0.0
232, 0.0
217, 0.0
218, 0.0
219, 0.0
220, 0.0
221, 0.0
222, 0.0
223, 0.0
224, 0.0
225, 0.0
226, 0.0
227, 0.0
228, 0.0
229, 0.0
230, 0.0
231, 0.0
610, 0.0
1275, 0.0
612, 0.0
1069, 0.0
1349, 0.0
1348, 0.0
1347, 0.0
1346, 0.0
1345, 0.0
1344, 0.0
1343, 0.0
1070, 0.0
1117, 0.0
1071, 0.0
1072, 0.0
1073, 0.0
1074, 0.0
1075, 0.0
1076, 0.0
1077, 0.0
1350, 0.0
1060, 0.0
1059, 0.0
1351, 0.0
1366, 0.0
1365, 0.0
1364, 0.0
1363, 0.0
1362, 0.0
1361, 0.0
1360, 0.0
1359, 0.0
1358, 0.0
1357, 0.0
1356, 0.0
1355, 0.0
1354, 0.0
1353, 0.0
1352, 0.0
1078, 0.0
1079, 0.0
1080, 0.0
1331, 0.0
1329, 0.0
1328, 0.0
1327, 0.0
1104, 0.0
1105, 0.0
1106, 0.0
1107, 0.0
1108, 0.0
1109, 0.0
1110, 0.0
1111, 0.0
1112, 0.0
1113, 0.0
1114, 0.0
1115, 0.0
1330, 0.0
1332, 0.0
1081, 0.0
1333, 0.0
1082, 0.0
1083, 0.0
1084, 0.0
1085, 0.0
1086, 0.0
1087, 0.0
1342, 0.0
1341, 0.0
1340, 0.0
1339, 0.0
1338, 0.0
1337, 0.0
1336, 0.0
1335, 0.0
1334, 0.0
1367, 0.0
1368, 0.0
1369, 0.0
1401, 0.0
1399, 0.0
1398, 0.0
1397, 0.0
1396, 0.0
1395, 0.0
1394, 0.0
1393, 0.0
992, 0.0
993, 0.0
994, 0.0
995, 0.0
996, 0.0
997, 0.0
998, 0.0
999, 0.0
1400, 0.0
1402, 0.0
1001, 0.0
1403, 0.0
1418, 0.0
1417, 0.0
1416, 0.0
1415, 0.0
1414, 0.0
1413, 0.0
1412, 0.0
1411, 0.0
1410, 0.0
1409, 0.0
1408, 0.0
1407, 0.0
1406, 0.0
1405, 0.0
1404, 0.0
1000, 0.0
1002, 0.0
1038, 0.0
1381, 0.0
2046, 0.0
1379, 0.0
1378, 0.0
1377, 0.0
1027, 0.0
1028, 0.0
1376, 0.0
1030, 0.0
1375, 0.0
1374, 0.0
1373, 0.0
1372, 0.0
1371, 0.0
1370, 0.0
1037, 0.0
1380, 0.0
1382, 0.0
1003, 0.0
1383, 0.0
1004, 0.0
1005, 0.0
1006, 0.0
1007, 0.0
1392, 0.0
1391, 0.0
1390, 0.0
1389, 0.0
1012, 0.0
1388, 0.0
1387, 0.0
1386, 0.0
1385, 0.0
1384, 0.0
1018, 0.0
1116, 0.0
1118, 0.0
1420, 0.0
1289, 0.0
1296, 0.0
1295, 0.0
1294, 0.0
1293, 0.0
1292, 0.0
1291, 0.0
1290, 0.0
1288, 0.0
1119, 0.0
1287, 0.0
1286, 0.0
1285, 0.0
1232, 0.0
1284, 0.0
1234, 0.0
1235, 0.0
1297, 0.0
1298, 0.0
1299, 0.0
1212, 0.0
1197, 0.0
1198, 0.0
1199, 0.0
1200, 0.0
1305, 0.0
1202, 0.0
1203, 0.0
1204, 0.0
1304, 0.0
1303, 0.0
1207, 0.0
1302, 0.0
1301, 0.0
1300, 0.0
1211, 0.0
1236, 0.0
1283, 0.0
1282, 0.0
1257, 0.0
1259, 0.0
1260, 0.0
1261, 0.0
1262, 0.0
1263, 0.0
1264, 0.0
1265, 0.0
1266, 0.0
1267, 0.0
1268, 0.0
1269, 0.0
1270, 0.0
1271, 0.0
1272, 0.0
1273, 0.0
1258, 0.0
1256, 0.0
1239, 0.0
1255, 0.0
1281, 0.0
1280, 0.0
1279, 0.0
1243, 0.0
1244, 0.0
1278, 0.0
1277, 0.0
1276, 0.0
1248, 0.0
1249, 0.0
1250, 0.0
1251, 0.0
1252, 0.0
1253, 0.0
1254, 0.0
1196, 0.0
1195, 0.0
1194, 0.0
1137, 0.0
1140, 0.0
1141, 0.0
1142, 0.0
1143, 0.0
1144, 0.0
1325, 0.0
1324, 0.0
1147, 0.0
1323, 0.0
1322, 0.0
1150, 0.0
1321, 0.0
1152, 0.0
1153, 0.0
1154, 0.0
1138, 0.0
1326, 0.0
1156, 0.0
1135, 0.0
1120, 0.0
1121, 0.0
1122, 0.0
1123, 0.0
1124, 0.0
1125, 0.0
1126, 0.0
1127, 0.0
1128, 0.0
1129, 0.0
1130, 0.0
1131, 0.0
1132, 0.0
1133, 0.0
1134, 0.0
1155, 0.0
1157, 0.0
1193, 0.0
1313, 0.0
1311, 0.0
1310, 0.0
1309, 0.0
1308, 0.0
1307, 0.0
1306, 0.0
1184, 0.0
1185, 0.0
1186, 0.0
1187, 0.0
1188, 0.0
1189, 0.0
1190, 0.0
1191, 0.0
1192, 0.0
1312, 0.0
1314, 0.0
1158, 0.0
1315, 0.0
1159, 0.0
1160, 0.0
1161, 0.0
1162, 0.0
1163, 0.0
1164, 0.0
1165, 0.0
1166, 0.0
1167, 0.0
1320, 0.0
1319, 0.0
1318, 0.0
1317, 0.0
1172, 0.0
1316, 0.0
1419, 0.0
1421, 0.0
613, 0.0
735, 0.0
728, 0.0
729, 0.0
730, 0.0
731, 0.0
732, 0.0
733, 0.0
734, 0.0
736, 0.0
1528, 0.0
737, 0.0
738, 0.0
739, 0.0
740, 0.0
741, 0.0
742, 0.0
743, 0.0
727, 0.0
726, 0.0
725, 0.0
724, 0.0
1667, 0.0
1664, 0.0
1663, 0.0
1662, 0.0
1661, 0.0
1660, 0.0
1659, 0.0
1658, 0.0
1657, 0.0
1656, 0.0
1655, 0.0
720, 0.0
721, 0.0
722, 0.0
723, 0.0
744, 0.0
745, 0.0
746, 0.0
1638, 0.0
777, 0.0
778, 0.0
1636, 0.0
1635, 0.0
1632, 0.0
1620, 0.0
1588, 0.0
788, 0.0
1540, 0.0
1535, 0.0
1534, 0.0
1533, 0.0
1532, 0.0
1531, 0.0
1530, 0.0
776, 0.0
773, 0.0
747, 0.0
772, 0.0
748, 0.0
749, 0.0
750, 0.0
751, 0.0
1654, 0.0
1653, 0.0
756, 0.0
1652, 0.0
1651, 0.0
1650, 0.0
1649, 0.0
1648, 0.0
765, 0.0
1647, 0.0
771, 0.0
1670, 0.0
1679, 0.0
703, 0.0
1727, 0.0
641, 0.0
642, 0.0
644, 0.0
645, 0.0
646, 0.0
650, 0.0
651, 0.0
652, 0.0
655, 0.0
1718, 0.0
1716, 0.0
1715, 0.0
1712, 0.0
1711, 0.0
1710, 0.0
640, 0.0
1274, 0.0
1708, 0.0
1744, 0.0
614, 0.0
1754, 0.0
1753, 0.0
1752, 0.0
618, 0.0
619, 0.0
620, 0.0
1751, 0.0
1750, 0.0
623, 0.0
1749, 0.0
1748, 0.0
1747, 0.0
1746, 0.0
1745, 0.0
1709, 0.0
1707, 0.0
1696, 0.0
685, 0.0
687, 0.0
688, 0.0
689, 0.0
690, 0.0
1701, 0.0
692, 0.0
693, 0.0
694, 0.0
1700, 0.0
1699, 0.0
1698, 0.0
698, 0.0
699, 0.0
700, 0.0
1697, 0.0
686, 0.0
684, 0.0
1706, 0.0
683, 0.0
1705, 0.0
1704, 0.0
1703, 0.0
1702, 0.0
672, 0.0
673, 0.0
674, 0.0
675, 0.0
676, 0.0
677, 0.0
678, 0.0
679, 0.0
680, 0.0
681, 0.0
682, 0.0
1529, 0.0
1527, 0.0
1422, 0.0
1450, 0.0
1457, 0.0
1456, 0.0
1455, 0.0
1454, 0.0
1453, 0.0
1452, 0.0
1451, 0.0
1449, 0.0
1526, 0.0
1448, 0.0
1447, 0.0
1446, 0.0
1445, 0.0
1444, 0.0
1443, 0.0
1442, 0.0
1458, 0.0
1459, 0.0
1460, 0.0
1461, 0.0
1475, 0.0
1474, 0.0
1473, 0.0
884, 0.0
1472, 0.0
1471, 0.0
1470, 0.0
1469, 0.0
1468, 0.0
1467, 0.0
1466, 0.0
1465, 0.0
1464, 0.0
1463, 0.0
1462, 0.0
1441, 0.0
1440, 0.0
1439, 0.0
943, 0.0
945, 0.0
946, 0.0
947, 0.0
948, 0.0
949, 0.0
950, 0.0
951, 0.0
952, 0.0
953, 0.0
954, 0.0
955, 0.0
956, 0.0
957, 0.0
958, 0.0
959, 0.0
944, 0.0
1423, 0.0
1438, 0.0
1424, 0.0
1437, 0.0
1436, 0.0
1435, 0.0
1434, 0.0
1433, 0.0
1432, 0.0
932, 0.0
1431, 0.0
1430, 0.0
1429, 0.0
1428, 0.0
937, 0.0
1427, 0.0
1426, 0.0
1425, 0.0
1476, 0.0
879, 0.0
878, 0.0
1513, 0.0
823, 0.0
1511, 0.0
825, 0.0
1510, 0.0
1509, 0.0
1508, 0.0
1507, 0.0
1506, 0.0
1505, 0.0
1504, 0.0
1503, 0.0
1502, 0.0
1501, 0.0
1500, 0.0
1499, 0.0
1512, 0.0
820, 0.0
1497, 0.0
819, 0.0
804, 0.0
1525, 0.0
1524, 0.0
1523, 0.0
1522, 0.0
1521, 0.0
1520, 0.0
1519, 0.0
1518, 0.0
1517, 0.0
1516, 0.0
1515, 0.0
816, 0.0
817, 0.0
1514, 0.0
1498, 0.0
1496, 0.0
877, 0.0
1480, 0.0
1478, 0.0
1477, 0.0
864, 0.0
865, 0.0
866, 0.0
867, 0.0
868, 0.0
869, 0.0
870, 0.0
871, 0.0
872, 0.0
873, 0.0
874, 0.0
875, 0.0
876, 0.0
1479, 0.0
1481, 0.0
1495, 0.0
1482, 0.0
1494, 0.0
1493, 0.0
1492, 0.0
1491, 0.0
1490, 0.0
1489, 0.0
1488, 0.0
1487, 0.0
851, 0.0
852, 0.0
1486, 0.0
1485, 0.0
855, 0.0
1484, 0.0
1483, 0.0
2047, 0.0
