Hessian ranking (weighted sum * eigenvalue) for model (param idx, rank)
4, 648.1884684562683
1, 532.4564889669418
20, 515.8075219392776
52, 501.87026512622833
68, 390.77339719235897
742, 336.71614760160446
12, 309.78496047854424
726, 286.2476944029331
741, 228.09817457199097
28, 226.57556104660034
11, 216.71162701863796
9, 209.44306653738022
3, 204.90614259243011
150, 203.6432686150074
862, 195.97651460766792
725, 195.5112887918949
22, 191.6453102529049
60, 188.78327986598015
2, 182.70261766016483
0, 182.17524605989456
868, 181.89339381456375
25, 181.29134145379066
44, 181.112603969872
866, 178.4356907606125
34, 162.50928866956383
870, 157.9547841399908
737, 157.178883343935
149, 143.3085402548313
482, 141.16471323370934
871, 141.02145221829414
721, 137.7391551733017
694, 132.54286389052868
65, 130.59446008503437
36, 130.3513668626547
13, 129.94724148511887
867, 122.56275129318237
774, 121.58087210357189
33, 118.57335961982608
869, 112.46070062369108
736, 111.9237847328186
858, 107.82196784764528
145, 105.58694583177567
49, 104.12262158095837
720, 99.03751216828823
402, 98.36059740185738
864, 96.91183690726757
1250, 95.67832238413393
693, 90.50854249298573
1170, 89.02589227631688
42, 88.07538680359721
789, 86.60685770213604
357, 86.10261578857899
786, 86.0282769575715
1637, 83.79623048007488
773, 83.01911225914955
1762, 81.53631034865975
910, 79.99766669422388
404, 77.39939036220312
355, 76.87951968610287
1245, 75.96665502339602
857, 75.0331467166543
916, 73.94378257647259
1757, 73.94037607684731
994, 71.84495393931866
1634, 69.59068072214723
863, 69.44498465582728
930, 68.02289968729019
144, 67.76315146684647
998, 65.28900693356991
421, 64.82463258504868
689, 63.805692717432976
419, 63.259999975562096
1253, 62.34441325441003
486, 62.20783518999815
856, 60.68809651769698
270, 60.43437795341015
1763, 60.1884726844728
846, 59.75544337928295
790, 59.69967219978571
1741, 59.28285854496062
466, 58.88253547437489
769, 58.53396101295948
1746, 58.3405293263495
1314, 58.266829915344715
735, 56.72579123824835
400, 56.14642283320427
225, 55.90249329060316
919, 54.8768947198987
1165, 53.88070126622915
278, 53.77102638781071
1761, 53.69896801188588
996, 53.351313807070255
861, 52.818512961268425
485, 52.29106463491917
477, 51.82740116119385
1309, 51.607940305024385
1631, 51.465455271303654
1747, 51.006531693041325
932, 50.91914467513561
719, 50.59933701902628
928, 49.70201189815998
852, 49.54501423891634
777, 49.029126442968845
356, 49.0051928460598
1636, 48.937346801161766
276, 48.845440881326795
990, 47.824871010147035
1629, 47.71268358826637
859, 47.37322635948658
1241, 46.339940164238214
851, 46.11598011478782
688, 45.83072981238365
480, 45.745422407984734
1745, 45.41117002442479
41, 44.9699779599905
997, 44.83628460392356
1171, 44.69687655195594
51, 44.5995295830071
918, 44.581584453582764
1173, 44.19202030822635
1120, 44.15390905737877
1317, 43.773141372948885
397, 42.62224616110325
98, 42.58774718642235
768, 42.03502722084522
484, 41.95550799369812
277, 41.74816640466452
915, 41.72649197187275
389, 41.63154857605696
1161, 41.389211509376764
1625, 41.38191465474665
358, 40.82844018936157
102, 40.74519272893667
387, 40.01469533145428
275, 39.978627571836114
209, 39.52610486000776
1624, 39.21829019486904
911, 37.98092390038073
962, 37.51522700116038
662, 37.32766538858414
354, 37.231686890125275
966, 36.858588092029095
1765, 36.7419911576435
1122, 36.72235083580017
906, 36.511495131999254
1633, 36.1083108112216
1169, 35.30372708290815
143, 35.20325044542551
407, 35.1770921126008
481, 35.07073901593685
405, 35.02459716051817
420, 35.00909209623933
781, 34.9703305978328
855, 34.93419021554291
1124, 34.883762151002884
925, 34.26469774544239
30, 34.08327240124345
279, 34.05034167505801
1615, 33.895309165120125
914, 33.890193298924714
986, 33.58957473374903
1617, 33.36946027725935
1626, 33.250789443962276
216, 33.056397557258606
1305, 32.72916269302368
469, 32.61398997157812
904, 32.50271085463464
1172, 32.498256862163544
53, 32.469251229951624
422, 32.05007489025593
992, 31.924544122070074
1638, 31.58555969968438
905, 31.547143769450486
1701, 31.537934627383947
965, 31.300228215754032
359, 31.20689193950966
865, 31.118431597948074
841, 30.348212741315365
1764, 30.310896143317223
409, 29.97545577585697
345, 29.908959537744522
1282, 29.90696259215474
999, 29.843368362635374
1119, 29.784795954823494
26, 29.199670497328043
1113, 29.145057566463947
1753, 29.08632427547127
1620, 28.921099711209536
32, 28.46636078879237
37, 28.405786393210292
984, 28.354065935127437
530, 28.3247605971992
1639, 28.315353237092495
350, 28.250825371593237
1669, 28.07257504761219
198, 28.01181473210454
1162, 27.81677411380224
478, 27.709807626903057
854, 27.67803295329213
100, 27.283063139766455
1608, 26.89988910034299
19, 26.842544997110963
1277, 26.395044285804033
1754, 26.022945885080844
1749, 25.96895118895918
878, 25.230766331776977
842, 25.143046162556857
226, 24.706161229871213
661, 24.69328561425209
265, 24.68611423484981
401, 24.682183727622032
470, 24.628036819398403
228, 24.606802847236395
1632, 24.595898304134607
779, 24.507118525914848
546, 24.491297483444214
1630, 24.31454809755087
985, 24.280596302822232
200, 24.125964421778917
1622, 24.065744020044804
101, 24.021319095045328
1748, 23.966532558202744
933, 23.96031043305993
1168, 23.777656085789204
414, 23.718192391097546
884, 23.703358924016356
21, 23.64394679176621
1042, 23.51401952235028
687, 23.435630582273006
788, 23.32949276920408
935, 23.219750359654427
353, 22.62664657458663
388, 22.56662619113922
1285, 22.448061211034656
1621, 22.442504927515984
1254, 22.404114540666342
995, 22.224981090053916
266, 22.188985388725996
1610, 22.0994438752532
955, 22.094503918895498
1738, 21.979370568791637
273, 21.966432377696037
912, 21.723827593028545
767, 21.498607859015465
31, 21.411241427063942
1689, 21.2383054792881
1046, 21.192823278717697
1737, 21.123642542399466
1249, 20.789027062244713
1613, 20.688313249964267
1298, 20.511411644518375
1682, 20.415773272514343
1635, 20.286634079180658
390, 20.134307511150837
231, 20.098296244628727
377, 20.089686926454306
229, 20.05621151253581
991, 20.02788054710254
785, 19.996992993168533
434, 19.965103241614997
532, 19.828155489638448
610, 19.780980624258518
853, 19.570033899508417
382, 19.510056728497148
1766, 19.297961468808353
514, 19.07867064862512
17, 18.853416085243225
210, 18.712482154369354
1014, 18.621268291026354
1121, 18.605389267206192
403, 18.589583576656878
406, 18.570970110595226
264, 18.4799265305046
1045, 18.432194801047444
40, 18.142653172835708
1318, 18.13969248533249
840, 18.114881373010576
953, 17.85351549461484
212, 17.762638149783015
1611, 17.690051298588514
475, 17.578936117701232
423, 17.50071043614298
483, 17.490234207361937
887, 17.48394561279565
418, 17.329694375395775
917, 17.160848520696163
886, 16.854635916650295
1273, 16.765791967511177
479, 16.718460366129875
1627, 16.656619772315025
929, 16.595727674663067
182, 16.527643587440252
1010, 16.34882556484081
1750, 16.077979502733797
257, 15.996228953823447
177, 15.800145506858826
10, 15.735642740270123
1657, 15.51071260124445
372, 15.472731092944741
1108, 15.45946656120941
987, 15.41160331107676
487, 15.367371562868357
657, 15.237269900739193
541, 15.13330727815628
472, 15.104076009243727
473, 14.995588317513466
783, 14.927609391510487
787, 14.872137132100761
1104, 14.78135697543621
213, 14.71227765455842
1167, 14.69185320660472
898, 14.483370490372181
1117, 14.411113813519478
1616, 14.32362461835146
215, 14.264086642302573
1618, 14.255938499234617
1628, 14.248708193190396
782, 14.162820682860911
988, 14.098685185424984
474, 13.780781703069806
602, 13.736453699879348
271, 13.662256014533341
1293, 13.63978184107691
883, 13.599317900370806
1685, 13.50833803974092
180, 13.332027620635927
896, 13.199650289490819
882, 13.071166951209307
874, 12.975200990214944
900, 12.960539408028126
879, 12.881348688621074
964, 12.876020476222038
960, 12.867573570460081
791, 12.783004181925207
181, 12.623571022646502
613, 12.587862758897245
1251, 12.57820051163435
738, 12.458887796849012
1759, 12.417121067643166
196, 12.31315647996962
959, 12.256997420452535
1044, 12.234828501939774
1138, 12.125188142061234
931, 12.110880514606833
1623, 12.04467834206298
1301, 11.799945002421737
349, 11.746627699583769
197, 11.588848490267992
1033, 11.450700988993049
91, 11.436902928166091
1246, 11.406539221759886
778, 11.39324405323714
417, 11.285488148219883
847, 11.265266575152054
784, 11.195713577792048
525, 11.184417992830276
464, 11.044893957674503
1035, 11.025422823615372
1013, 11.0070049604401
103, 10.975622911006212
658, 10.860912133008242
392, 10.627070715650916
1313, 10.423726286739111
398, 10.394525919109583
1112, 10.336840137839317
391, 10.325148045376409
528, 10.260272584855556
272, 10.06549677439034
437, 10.039686580654234
1248, 9.878164770067087
660, 9.821065882977564
374, 9.752536189742386
416, 9.671032302081585
1118, 9.64419947238639
57, 9.618044905364513
1123, 9.585719656199217
148, 9.583576939068735
963, 9.565661022439599
1677, 9.469468589872122
248, 9.436117611825466
366, 9.401233815122396
168, 9.363505418412387
873, 9.356459567323327
1103, 9.32177298516035
93, 9.314775131642818
1087, 9.307310942560434
1286, 9.2857438120991
467, 9.240825475892052
934, 9.230604890733957
1673, 9.207041718997061
517, 9.194799148943275
393, 9.119333568029106
1310, 9.072864048648626
461, 8.861515626311302
27, 8.856947884894907
1619, 8.855149836279452
1289, 8.790821741087711
352, 8.75089090038091
146, 8.731919284444302
1743, 8.545422894880176
438, 8.53403245843947
605, 8.514761859551072
656, 8.507057048380375
954, 8.441556908655912
893, 8.441181734204292
604, 8.416478721424937
1043, 8.401786558388267
1092, 8.357711500488222
1133, 8.335909461136907
1080, 8.322347862645984
958, 8.310502212494612
1756, 8.300640598870814
1242, 8.254388709552586
607, 8.253663314506412
458, 8.180166883394122
1040, 8.17718155682087
872, 8.11219800717663
59, 8.075656896457076
1674, 8.065149837173522
151, 8.04412184190005
46, 7.9651293102651834
1679, 7.934301098808646
518, 7.930997185409069
394, 7.833349105902016
1039, 7.797444432973862
1681, 7.784432219341397
1058, 7.729903179919347
8, 7.678298067301512
1127, 7.644445659592748
1676, 7.577119130641222
274, 7.570876648649573
539, 7.563668221235275
1663, 7.559920488623902
542, 7.558243319392204
1106, 7.552581104449928
187, 7.515777997672558
1003, 7.46282228268683
655, 7.41667515784502
258, 7.376308572944254
178, 7.311727684922516
463, 7.242497276514769
1101, 7.2219382375478745
909, 7.21535805799067
907, 7.182126566767693
529, 7.160174627788365
654, 7.085405043093488
1129, 7.080610457807779
468, 7.0702883787453175
901, 7.049090966582298
550, 7.038531853584573
260, 7.036584275774658
375, 7.009653091634391
978, 6.997862171381712
1810, 6.972953390330076
698, 6.934230235638097
1097, 6.910876864567399
1164, 6.89338902104646
544, 6.833247350528836
99, 6.828736949712038
922, 6.818193752318621
1683, 6.813562568277121
1297, 6.745357623556629
1650, 6.734879835916217
1105, 6.732758387923241
880, 6.55879942746833
989, 6.556619971990585
776, 6.505735497921705
1163, 6.472275799140334
920, 6.462159832939506
347, 6.330555476248264
1012, 6.2996189864352345
731, 6.286253683269024
1038, 6.281475777737796
1094, 6.2516517508775
24, 6.212834496051073
545, 6.119608631357551
1760, 6.075122334063053
1001, 6.0591453881934285
650, 6.057965597137809
1114, 5.991309497505426
1656, 5.973176305182278
1086, 5.946488833753392
162, 5.896283969283104
1252, 5.878309027291834
1668, 5.852955575101078
524, 5.813684371765703
58, 5.786377118434757
1160, 5.747986427973956
263, 5.734735265170457
261, 5.720258786343038
386, 5.706421598792076
1687, 5.688040914013982
1299, 5.687248446047306
183, 5.668981126509607
531, 5.66310148825869
1665, 5.602284879423678
1312, 5.597413164563477
1174, 5.555203378200531
533, 5.52304974780418
913, 5.50355626642704
1136, 5.477136487141252
465, 5.468730693683028
875, 5.445258292602375
1052, 5.386252301279455
527, 5.358278518542647
715, 5.343140489421785
1281, 5.307808764278889
1126, 5.298376609571278
90, 5.282650705426931
1255, 5.264180401340127
1670, 5.264149816706777
1055, 5.186377736274153
902, 5.158944279886782
1125, 5.132816257653758
611, 5.130593765759841
1008, 5.053556663566269
614, 5.033552368171513
548, 5.030061777681112
885, 4.985680838115513
543, 4.979293749667704
534, 4.969672980252653
1047, 4.94950799876824
612, 4.947139753960073
435, 4.933000280288979
369, 4.774381649214774
96, 4.739913744851947
1740, 4.72353133559227
515, 4.722587960888632
411, 4.694273917004466
1278, 4.670116011053324
194, 4.602674838155508
709, 4.595534268417396
1089, 4.592422774061561
600, 4.561002513044514
1091, 4.530985448742285
1661, 4.4934940012171865
701, 4.432906394824386
1645, 4.428224422503263
171, 4.348801888059825
663, 4.337079739198089
1085, 4.312472947873175
39, 4.29771986650303
1111, 4.274852480739355
608, 4.268639571964741
97, 4.25159633718431
1083, 4.2447012308984995
344, 4.199302600696683
1672, 4.1906181294471025
649, 4.190348863485269
535, 4.184845819370821
5, 4.16510315053165
1644, 4.123430175706744
834, 4.1075628492981195
1082, 4.102625475265086
1243, 4.087713838554919
161, 4.07685087993741
1684, 4.046721126884222
1698, 3.9867075444199145
431, 3.9740762668661773
408, 3.967189699411392
659, 3.92766705021495
399, 3.910500672645867
1247, 3.9027623836882412
1175, 3.870751360896975
1811, 3.813891532830894
1107, 3.8069068044424057
1115, 3.777053788304329
1659, 3.7487855656072497
1302, 3.7458058858755976
385, 3.7219629269093275
1678, 3.7013200698420405
511, 3.7002187282778323
139, 3.6970220543444157
1653, 3.6957676922902465
877, 3.6949399895966053
1098, 3.693627990782261
903, 3.684186054393649
730, 3.581392871681601
1658, 3.5571049884893
578, 3.5368598410859704
1093, 3.5100306374952197
1693, 3.5023861825466156
1680, 3.4980827840045094
1060, 3.4954290268942714
1805, 3.4852690540719777
1006, 3.4619160410948098
346, 3.450039298273623
160, 3.4166150204837322
395, 3.4155483823269606
653, 3.403341982048005
136, 3.3930856538936496
1088, 3.3710251771844923
1290, 3.370554350549355
1744, 3.3192300274968147
1011, 3.3186459572752938
706, 3.3166961702518165
1809, 3.3080259952694178
967, 3.301062557962723
384, 3.284218216314912
743, 3.260903000831604
703, 3.2543130489066243
186, 3.2531392920936923
1095, 3.190724404877983
536, 3.1884011603251565
523, 3.162081723101437
993, 3.1587128527462482
1140, 3.1129307308001444
1007, 3.0756337423808873
976, 3.0587142910808325
881, 3.0515318047255278
1664, 3.0425329487770796
1137, 3.0157345104962587
606, 3.005902743898332
1217, 3.0044545605778694
396, 2.9870942018460482
1280, 2.9409992010332644
1050, 2.9391245134174824
1135, 2.914357738569379
1057, 2.8893511632923037
926, 2.879525141674094
1062, 2.8670850256457925
707, 2.866900700784754
648, 2.861695236293599
1032, 2.8468785686418414
457, 2.843210743740201
1034, 2.8427710642572492
1812, 2.8284622924402356
1296, 2.8149206126108766
970, 2.766264875885099
1300, 2.723804000765085
219, 2.6781059552449733
899, 2.649940255563706
48, 2.6480306396260858
1802, 2.6040936578065157
952, 2.5814996191766113
1002, 2.578943667933345
1801, 2.5314197505358607
705, 2.5189534602686763
471, 2.5117771038785577
192, 2.504549131030217
1646, 2.4987823497503996
683, 2.440578553825617
88, 2.434713060967624
521, 2.4294479197706096
166, 2.4238916151225567
1081, 2.4172294008603785
142, 2.386164642870426
1053, 2.3530845372006297
921, 2.349147627595812
609, 2.3080439008772373
1061, 2.291147720301524
147, 2.2882070778869092
193, 2.2854521517874673
269, 2.266755218617618
522, 2.220461179036647
763, 2.2202901216223836
838, 2.2107433350756764
582, 2.200259261764586
732, 2.1928951828740537
547, 2.1913530589081347
711, 2.18334586545825
696, 2.1754081964027137
1041, 2.1722871805541217
1691, 2.156137416139245
538, 2.1387653613928705
61, 2.1324835552368313
733, 2.1312357978895307
1049, 2.130654610984493
580, 2.1217968601267785
1096, 2.111976930871606
140, 2.1087124061305076
1813, 2.1057910996023566
1130, 2.0901103713549674
170, 2.0562570756301284
980, 2.0489823576062918
615, 2.0188146776054054
1037, 2.017131930217147
961, 2.0108490182319656
601, 2.0073839425458573
199, 1.9957908722572029
189, 1.9790127002634108
1166, 1.978130241855979
462, 1.9747874203603715
1005, 1.9491643416695297
826, 1.936834018677473
576, 1.9241849067620933
734, 1.9164604959078133
195, 1.9150980073027313
1208, 1.8836863858159631
1128, 1.874755160184577
165, 1.8633790347957984
92, 1.8273862639907748
1641, 1.8143556020222604
1319, 1.810346506536007
651, 1.807012790814042
1056, 1.8057295174803585
1000, 1.8012211676687002
577, 1.7705313758924603
351, 1.7700520245125517
1303, 1.742355106631294
94, 1.7420501885935664
1294, 1.7419883129332447
890, 1.7209027796052396
1649, 1.7168044890277088
456, 1.6939113726839423
1675, 1.6854434069246054
163, 1.6762579823844135
697, 1.6762294982909225
1696, 1.6470464570447803
982, 1.6422343342565
141, 1.640356875024736
155, 1.6362748136743903
203, 1.6273498074151576
1648, 1.6212789635173976
1808, 1.609309786814265
1700, 1.60209680814296
1667, 1.5831037221942097
981, 1.5498194165993482
583, 1.5332245724948734
267, 1.531563702505082
1063, 1.5287852072506212
573, 1.5244220541790128
839, 1.518890009727329
977, 1.5090108732692897
1666, 1.4739588501979597
1709, 1.4551579386461526
1218, 1.4522728468291461
152, 1.420281964354217
973, 1.4035509828827344
379, 1.3927899012342095
526, 1.3817385635338724
1220, 1.3732796525582671
1134, 1.37321297544986
833, 1.3701006220653653
1714, 1.3301658533891896
1671, 1.325997930194717
1036, 1.3246385977836326
827, 1.304372513666749
502, 1.2894710068358108
971, 1.2824514829553664
339, 1.2710125716403127
729, 1.2694760258309543
1702, 1.2592114440631121
983, 1.240603728685528
780, 1.2334932864177972
376, 1.2334119081497192
1651, 1.226946983137168
1755, 1.2203495730645955
500, 1.2024247526424006
832, 1.1955780568532646
710, 1.1801635567098856
158, 1.1729321004531812
1697, 1.1721934537636116
1652, 1.1683118121000007
739, 1.1656505533028394
1715, 1.1609430813696235
1221, 1.1538612277945504
1291, 1.1244216250488535
831, 1.106894995085895
520, 1.1060474761761725
459, 1.098973291926086
1116, 1.096847161068581
1223, 1.0900889413896948
330, 1.087479265872389
1642, 1.0788127623127366
1690, 1.059720060788095
1054, 1.0591527397627942
894, 1.0566286009270698
972, 1.0341141154058278
1807, 1.0018870898056775
1655, 0.9788273905869573
1713, 0.9584621314425021
1240, 0.9495078182080761
1694, 0.9433042295277119
1287, 0.9316220893524587
497, 0.9307239591871621
1699, 0.9114677151665092
184, 0.8839405967155471
1789, 0.8785413458244875
82, 0.8732234514318407
1695, 0.8702003939542919
1758, 0.8650595719227567
1803, 0.8503944539697841
509, 0.8463014257140458
1643, 0.8382662944495678
704, 0.8373165170196444
1686, 0.8368759783916175
251, 0.8142631648806855
1794, 0.8078839558875188
1688, 0.8067525448277593
1804, 0.80347068910487
335, 0.803434326662682
1292, 0.8008375148056075
329, 0.7877989100670675
1806, 0.7737553605693392
1295, 0.7645208914764225
1051, 0.7637876047519967
63, 0.7576160116586834
581, 0.7514766495442018
348, 0.7315507087041624
975, 0.7242075689136982
1716, 0.7222161554964259
979, 0.7128975336672738
89, 0.7118338793516159
1795, 0.7058844580315053
179, 0.7035162915708497
568, 0.6798700058716349
1706, 0.6740527491783723
340, 0.6694830429623835
153, 0.6657638908363879
410, 0.6622290067462018
1767, 0.6496427445672452
337, 0.6457168501801789
652, 0.643387263524346
167, 0.6075427662581205
336, 0.6057789225887973
579, 0.6019212238679756
81, 0.5838177304249257
1793, 0.5754007762880065
1059, 0.5719516245881096
969, 0.5663183449069038
86, 0.5356922554783523
83, 0.5236326928716153
510, 0.5227769473567605
138, 0.5211254653986543
80, 0.5210545782465488
700, 0.515775486768689
1703, 0.5122197174641769
728, 0.4998212788486853
1654, 0.4980664682807401
1048, 0.4948119843902532
218, 0.49380609614308923
1288, 0.4837702375371009
1717, 0.4817884113290347
1705, 0.47434601665008813
230, 0.4707701220177114
957, 0.4691294901567744
342, 0.4681896895635873
1640, 0.466471788007766
1814, 0.4614407283370383
740, 0.45888591720722616
494, 0.4567917743115686
537, 0.4534191719722003
512, 0.4520049998536706
1796, 0.43398738495307043
360, 0.43370577332098037
908, 0.4321194247168023
1718, 0.4303523558191955
974, 0.4159474886255339
85, 0.4124981724016834
1752, 0.4107144088484347
825, 0.4067097526276484
223, 0.40613508701790124
1786, 0.4054946767282672
449, 0.39593330216303
331, 0.3945055343210697
445, 0.3728008124162443
507, 0.36552901822142303
268, 0.3565345530223567
570, 0.3471086611971259
224, 0.3449857330415398
415, 0.3433209455688484
503, 0.33754068867710885
708, 0.33365355848218314
185, 0.3188902376277838
450, 0.3175636534579098
333, 0.31490096334164264
1609, 0.308957153778465
824, 0.3056126835581381
829, 0.2932237610220909
1800, 0.29080450523179024
1797, 0.2851740169860477
1785, 0.2850448342214804
328, 0.28419360611587763
413, 0.2794138003810076
836, 0.2689968346385285
78, 0.2637636531726457
75, 0.26160037121735513
1798, 0.25725677312584594
569, 0.24350526923080906
451, 0.23772173446195666
87, 0.2360119146760553
15, 0.23448508395813406
72, 0.22850871866103262
835, 0.22460769081953913
1711, 0.22336191206704825
137, 0.21831623383332044
603, 0.2143146173330024
1139, 0.21326619293540716
453, 0.2072954218601808
448, 0.20563358534127474
217, 0.2044748513144441
830, 0.20139437972102314
1815, 0.19048402039334178
1647, 0.17691236722748727
504, 0.17379102588165551
334, 0.17045358894392848
516, 0.1687459897948429
1662, 0.1502289038617164
227, 0.14753983449190855
488, 0.14246796976476617
454, 0.14029647209099494
1211, 0.13774953290703706
1791, 0.1365994251682423
222, 0.12910608621314168
1712, 0.1262523158256954
442, 0.12395024951547384
95, 0.11772259010467678
452, 0.115092771302443
73, 0.11392610019538552
702, 0.10343223984455108
1792, 0.08402069192379713
190, 0.0828507331898436
1614, 0.08099584246519953
441, 0.08008871896890923
968, 0.07788936354336329
699, 0.07600854239353794
574, 0.06674103898694739
221, 0.05502936482662335
447, 0.04746004307526164
506, 0.0157819828382344
1907, 0.0
1910, 0.0
1909, 0.0
1903, 0.0
1905, 0.0
425, 0.0
424, 0.0
1908, 0.0
1906, 0.0
1902, 0.0
1904, 0.0
1819, 0.0
426, 0.0
412, 0.0
1896, 0.0
455, 0.0
621, 0.0
622, 0.0
623, 0.0
446, 0.0
444, 0.0
443, 0.0
440, 0.0
439, 0.0
1898, 0.0
427, 0.0
436, 0.0
1899, 0.0
1900, 0.0
433, 0.0
624, 0.0
432, 0.0
1901, 0.0
430, 0.0
429, 0.0
428, 0.0
1897, 0.0
1923, 0.0
1911, 0.0
1943, 0.0
627, 0.0
361, 0.0
626, 0.0
362, 0.0
363, 0.0
364, 0.0
365, 0.0
1947, 0.0
367, 0.0
368, 0.0
1946, 0.0
370, 0.0
371, 0.0
1945, 0.0
373, 0.0
1948, 0.0
1949, 0.0
628, 0.0
1957, 0.0
1963, 0.0
1962, 0.0
1961, 0.0
1960, 0.0
1959, 0.0
1958, 0.0
629, 0.0
1950, 0.0
1956, 0.0
1955, 0.0
1954, 0.0
1953, 0.0
1952, 0.0
1951, 0.0
1944, 0.0
1942, 0.0
1912, 0.0
1941, 0.0
1927, 0.0
1926, 0.0
1925, 0.0
1924, 0.0
1894, 0.0
1922, 0.0
1921, 0.0
1920, 0.0
1919, 0.0
1918, 0.0
1917, 0.0
1916, 0.0
1915, 0.0
1914, 0.0
1913, 0.0
1928, 0.0
1929, 0.0
1930, 0.0
383, 0.0
378, 0.0
1940, 0.0
380, 0.0
381, 0.0
625, 0.0
1939, 0.0
1938, 0.0
1931, 0.0
1937, 0.0
1936, 0.0
1935, 0.0
1934, 0.0
1933, 0.0
1932, 0.0
1895, 0.0
1878, 0.0
1893, 0.0
556, 0.0
1830, 0.0
551, 0.0
552, 0.0
553, 0.0
554, 0.0
555, 0.0
557, 0.0
564, 0.0
558, 0.0
559, 0.0
1816, 0.0
560, 0.0
561, 0.0
562, 0.0
549, 0.0
1831, 0.0
1832, 0.0
1833, 0.0
1834, 0.0
1835, 0.0
1836, 0.0
1837, 0.0
1799, 0.0
1838, 0.0
540, 0.0
1839, 0.0
1840, 0.0
1841, 0.0
1790, 0.0
1842, 0.0
1843, 0.0
563, 0.0
565, 0.0
1845, 0.0
591, 0.0
585, 0.0
586, 0.0
587, 0.0
588, 0.0
589, 0.0
590, 0.0
592, 0.0
566, 0.0
593, 0.0
594, 0.0
595, 0.0
596, 0.0
597, 0.0
598, 0.0
584, 0.0
1820, 0.0
1821, 0.0
1822, 0.0
1823, 0.0
1824, 0.0
1825, 0.0
1826, 0.0
1827, 0.0
575, 0.0
1828, 0.0
572, 0.0
1818, 0.0
571, 0.0
1829, 0.0
567, 0.0
1817, 0.0
1844, 0.0
1846, 0.0
620, 0.0
1871, 0.0
1877, 0.0
1876, 0.0
1875, 0.0
1874, 0.0
1873, 0.0
1872, 0.0
1870, 0.0
493, 0.0
1869, 0.0
1868, 0.0
1867, 0.0
489, 0.0
490, 0.0
343, 0.0
476, 0.0
599, 0.0
1879, 0.0
1880, 0.0
1881, 0.0
1882, 0.0
1883, 0.0
1884, 0.0
1885, 0.0
1886, 0.0
1887, 0.0
1888, 0.0
1889, 0.0
1890, 0.0
1891, 0.0
1892, 0.0
460, 0.0
492, 0.0
619, 0.0
1847, 0.0
1855, 0.0
1859, 0.0
1858, 0.0
519, 0.0
1788, 0.0
1857, 0.0
1856, 0.0
1854, 0.0
495, 0.0
1853, 0.0
1852, 0.0
1851, 0.0
1850, 0.0
1849, 0.0
1848, 0.0
1860, 0.0
1861, 0.0
513, 0.0
616, 0.0
617, 0.0
1862, 0.0
618, 0.0
1863, 0.0
508, 0.0
505, 0.0
1864, 0.0
501, 0.0
1865, 0.0
499, 0.0
498, 0.0
1866, 0.0
496, 0.0
491, 0.0
325, 0.0
341, 0.0
118, 0.0
111, 0.0
112, 0.0
113, 0.0
114, 0.0
115, 0.0
116, 0.0
117, 0.0
119, 0.0
109, 0.0
120, 0.0
121, 0.0
122, 0.0
123, 0.0
124, 0.0
125, 0.0
126, 0.0
110, 0.0
108, 0.0
2068, 0.0
2059, 0.0
2066, 0.0
2065, 0.0
2064, 0.0
2063, 0.0
2062, 0.0
2061, 0.0
2060, 0.0
2058, 0.0
107, 0.0
2057, 0.0
2056, 0.0
2055, 0.0
2054, 0.0
104, 0.0
105, 0.0
106, 0.0
127, 0.0
128, 0.0
129, 0.0
159, 0.0
2039, 0.0
2038, 0.0
154, 0.0
2037, 0.0
156, 0.0
157, 0.0
2036, 0.0
2035, 0.0
130, 0.0
2034, 0.0
2033, 0.0
2032, 0.0
164, 0.0
2031, 0.0
2030, 0.0
2029, 0.0
2040, 0.0
2041, 0.0
2042, 0.0
2043, 0.0
131, 0.0
132, 0.0
133, 0.0
134, 0.0
135, 0.0
2053, 0.0
2052, 0.0
2051, 0.0
2050, 0.0
2049, 0.0
2048, 0.0
2047, 0.0
2046, 0.0
2045, 0.0
2044, 0.0
2067, 0.0
84, 0.0
1964, 0.0
29, 0.0
2102, 0.0
23, 0.0
2101, 0.0
2100, 0.0
2099, 0.0
2098, 0.0
2097, 0.0
2096, 0.0
2104, 0.0
2095, 0.0
2094, 0.0
2093, 0.0
2092, 0.0
35, 0.0
2091, 0.0
2090, 0.0
2103, 0.0
2105, 0.0
2069, 0.0
2112, 0.0
2117, 0.0
2116, 0.0
2115, 0.0
2114, 0.0
2113, 0.0
6, 0.0
7, 0.0
2111, 0.0
18, 0.0
2110, 0.0
2109, 0.0
2108, 0.0
2107, 0.0
14, 0.0
16, 0.0
2106, 0.0
38, 0.0
2089, 0.0
2088, 0.0
2071, 0.0
2074, 0.0
62, 0.0
2073, 0.0
64, 0.0
2072, 0.0
66, 0.0
67, 0.0
69, 0.0
2087, 0.0
70, 0.0
71, 0.0
74, 0.0
76, 0.0
77, 0.0
79, 0.0
2070, 0.0
2075, 0.0
2076, 0.0
2077, 0.0
2078, 0.0
2086, 0.0
43, 0.0
2085, 0.0
45, 0.0
2084, 0.0
47, 0.0
2083, 0.0
2082, 0.0
50, 0.0
2081, 0.0
2080, 0.0
2079, 0.0
54, 0.0
55, 0.0
56, 0.0
2028, 0.0
169, 0.0
2027, 0.0
288, 0.0
281, 0.0
282, 0.0
283, 0.0
284, 0.0
285, 0.0
286, 0.0
287, 0.0
289, 0.0
1971, 0.0
290, 0.0
291, 0.0
292, 0.0
293, 0.0
294, 0.0
295, 0.0
296, 0.0
280, 0.0
1972, 0.0
2026, 0.0
1982, 0.0
1988, 0.0
1987, 0.0
262, 0.0
1986, 0.0
1985, 0.0
1984, 0.0
1983, 0.0
1981, 0.0
1973, 0.0
1980, 0.0
1979, 0.0
1978, 0.0
1977, 0.0
1976, 0.0
1975, 0.0
1974, 0.0
297, 0.0
298, 0.0
299, 0.0
327, 0.0
320, 0.0
321, 0.0
322, 0.0
323, 0.0
324, 0.0
631, 0.0
326, 0.0
1970, 0.0
300, 0.0
1969, 0.0
332, 0.0
1968, 0.0
1967, 0.0
1966, 0.0
338, 0.0
1965, 0.0
319, 0.0
318, 0.0
317, 0.0
316, 0.0
301, 0.0
302, 0.0
303, 0.0
304, 0.0
305, 0.0
306, 0.0
307, 0.0
308, 0.0
309, 0.0
310, 0.0
311, 0.0
312, 0.0
313, 0.0
314, 0.0
315, 0.0
259, 0.0
1989, 0.0
1990, 0.0
2006, 0.0
2013, 0.0
2012, 0.0
2011, 0.0
2010, 0.0
2009, 0.0
2008, 0.0
2007, 0.0
201, 0.0
2003, 0.0
202, 0.0
2005, 0.0
204, 0.0
205, 0.0
206, 0.0
207, 0.0
208, 0.0
2014, 0.0
191, 0.0
2015, 0.0
188, 0.0
172, 0.0
173, 0.0
174, 0.0
175, 0.0
176, 0.0
2025, 0.0
2024, 0.0
2023, 0.0
2022, 0.0
2021, 0.0
2020, 0.0
2019, 0.0
2018, 0.0
2017, 0.0
2016, 0.0
2004, 0.0
211, 0.0
256, 0.0
247, 0.0
240, 0.0
241, 0.0
242, 0.0
243, 0.0
244, 0.0
245, 0.0
246, 0.0
1992, 0.0
2002, 0.0
249, 0.0
250, 0.0
1991, 0.0
252, 0.0
253, 0.0
254, 0.0
255, 0.0
239, 0.0
238, 0.0
237, 0.0
236, 0.0
2001, 0.0
214, 0.0
2000, 0.0
1999, 0.0
1998, 0.0
220, 0.0
1997, 0.0
1996, 0.0
1995, 0.0
1994, 0.0
1993, 0.0
232, 0.0
233, 0.0
234, 0.0
235, 0.0
630, 0.0
1304, 0.0
632, 0.0
1413, 0.0
1419, 0.0
1418, 0.0
1417, 0.0
1084, 0.0
1416, 0.0
1415, 0.0
1414, 0.0
1412, 0.0
1079, 0.0
1090, 0.0
1411, 0.0
1410, 0.0
1409, 0.0
1408, 0.0
1407, 0.0
1406, 0.0
1420, 0.0
1078, 0.0
1404, 0.0
1068, 0.0
1423, 0.0
1422, 0.0
1421, 0.0
1064, 0.0
1065, 0.0
1066, 0.0
1067, 0.0
1069, 0.0
1077, 0.0
1070, 0.0
1071, 0.0
1072, 0.0
1073, 0.0
1074, 0.0
1075, 0.0
1076, 0.0
1405, 0.0
1099, 0.0
633, 0.0
1379, 0.0
1386, 0.0
1385, 0.0
1384, 0.0
1383, 0.0
1382, 0.0
1381, 0.0
1380, 0.0
1378, 0.0
1388, 0.0
1377, 0.0
1131, 0.0
1132, 0.0
1376, 0.0
1375, 0.0
1374, 0.0
1373, 0.0
1387, 0.0
1389, 0.0
1100, 0.0
1397, 0.0
1403, 0.0
1102, 0.0
1402, 0.0
1401, 0.0
1400, 0.0
1399, 0.0
1398, 0.0
1109, 0.0
1390, 0.0
1110, 0.0
1396, 0.0
1395, 0.0
1394, 0.0
1393, 0.0
1392, 0.0
1391, 0.0
1424, 0.0
2118, 0.0
1425, 0.0
1456, 0.0
1462, 0.0
1461, 0.0
1460, 0.0
1004, 0.0
1459, 0.0
1458, 0.0
1457, 0.0
1009, 0.0
1464, 0.0
1455, 0.0
1454, 0.0
1453, 0.0
1452, 0.0
1451, 0.0
1015, 0.0
1016, 0.0
1463, 0.0
1465, 0.0
1426, 0.0
1475, 0.0
1482, 0.0
1481, 0.0
1480, 0.0
1479, 0.0
1478, 0.0
1477, 0.0
1476, 0.0
1474, 0.0
1466, 0.0
1473, 0.0
1472, 0.0
1471, 0.0
1470, 0.0
1469, 0.0
1468, 0.0
1467, 0.0
1017, 0.0
1018, 0.0
1019, 0.0
1435, 0.0
1442, 0.0
1441, 0.0
1440, 0.0
1439, 0.0
1438, 0.0
1437, 0.0
1436, 0.0
1434, 0.0
1020, 0.0
1433, 0.0
1432, 0.0
1431, 0.0
1430, 0.0
1429, 0.0
1428, 0.0
1427, 0.0
1443, 0.0
1444, 0.0
1445, 0.0
1446, 0.0
1021, 0.0
1022, 0.0
1023, 0.0
1024, 0.0
1025, 0.0
1026, 0.0
1027, 0.0
1028, 0.0
1029, 0.0
1030, 0.0
1031, 0.0
1450, 0.0
1449, 0.0
1448, 0.0
1447, 0.0
1372, 0.0
1371, 0.0
1370, 0.0
1339, 0.0
1345, 0.0
1344, 0.0
1244, 0.0
1343, 0.0
1342, 0.0
1341, 0.0
1340, 0.0
1338, 0.0
1347, 0.0
1337, 0.0
1336, 0.0
1335, 0.0
1334, 0.0
1333, 0.0
1256, 0.0
1257, 0.0
1346, 0.0
1239, 0.0
1350, 0.0
1229, 0.0
1222, 0.0
1348, 0.0
1224, 0.0
1225, 0.0
1226, 0.0
1227, 0.0
1228, 0.0
1230, 0.0
1238, 0.0
1231, 0.0
1232, 0.0
1233, 0.0
1234, 0.0
1235, 0.0
1236, 0.0
1237, 0.0
1258, 0.0
1259, 0.0
1260, 0.0
1323, 0.0
1328, 0.0
1327, 0.0
1283, 0.0
1284, 0.0
1326, 0.0
1325, 0.0
1324, 0.0
1322, 0.0
1261, 0.0
1321, 0.0
1320, 0.0
1316, 0.0
1315, 0.0
1311, 0.0
1308, 0.0
1307, 0.0
1329, 0.0
1279, 0.0
1330, 0.0
1331, 0.0
1262, 0.0
1263, 0.0
1264, 0.0
1265, 0.0
1266, 0.0
1267, 0.0
1268, 0.0
1269, 0.0
1270, 0.0
1271, 0.0
1272, 0.0
1332, 0.0
1274, 0.0
1275, 0.0
1276, 0.0
1349, 0.0
1219, 0.0
1141, 0.0
1360, 0.0
1367, 0.0
1366, 0.0
1365, 0.0
1364, 0.0
1363, 0.0
1362, 0.0
1361, 0.0
1359, 0.0
1369, 0.0
1358, 0.0
1357, 0.0
1356, 0.0
1355, 0.0
1354, 0.0
1176, 0.0
1177, 0.0
1368, 0.0
1159, 0.0
1351, 0.0
1149, 0.0
1142, 0.0
1143, 0.0
1144, 0.0
1145, 0.0
1146, 0.0
1147, 0.0
1148, 0.0
1150, 0.0
1158, 0.0
1151, 0.0
1152, 0.0
1153, 0.0
1154, 0.0
1155, 0.0
1156, 0.0
1157, 0.0
1178, 0.0
1179, 0.0
1180, 0.0
1353, 0.0
1201, 0.0
1202, 0.0
1203, 0.0
1204, 0.0
1205, 0.0
1206, 0.0
1207, 0.0
1209, 0.0
1181, 0.0
1210, 0.0
1212, 0.0
1213, 0.0
1214, 0.0
1215, 0.0
1216, 0.0
1352, 0.0
1200, 0.0
1199, 0.0
1198, 0.0
1197, 0.0
1182, 0.0
1183, 0.0
1184, 0.0
1185, 0.0
1186, 0.0
1187, 0.0
1188, 0.0
1189, 0.0
1190, 0.0
1191, 0.0
1192, 0.0
1193, 0.0
1194, 0.0
1195, 0.0
1196, 0.0
1483, 0.0
1484, 0.0
1485, 0.0
755, 0.0
748, 0.0
749, 0.0
750, 0.0
751, 0.0
752, 0.0
753, 0.0
754, 0.0
756, 0.0
746, 0.0
757, 0.0
758, 0.0
759, 0.0
760, 0.0
761, 0.0
762, 0.0
1660, 0.0
747, 0.0
745, 0.0
717, 0.0
1721, 0.0
1725, 0.0
1724, 0.0
1723, 0.0
722, 0.0
723, 0.0
724, 0.0
1722, 0.0
727, 0.0
744, 0.0
1720, 0.0
1719, 0.0
1710, 0.0
1708, 0.0
1707, 0.0
1704, 0.0
1692, 0.0
764, 0.0
765, 0.0
766, 0.0
799, 0.0
792, 0.0
793, 0.0
794, 0.0
795, 0.0
796, 0.0
797, 0.0
798, 0.0
800, 0.0
770, 0.0
801, 0.0
802, 0.0
803, 0.0
804, 0.0
805, 0.0
806, 0.0
807, 0.0
1593, 0.0
1594, 0.0
1595, 0.0
1596, 0.0
771, 0.0
772, 0.0
1612, 0.0
775, 0.0
1607, 0.0
1606, 0.0
1605, 0.0
1604, 0.0
1603, 0.0
1602, 0.0
1601, 0.0
1600, 0.0
1599, 0.0
1598, 0.0
1597, 0.0
718, 0.0
716, 0.0
809, 0.0
1773, 0.0
1780, 0.0
1779, 0.0
1778, 0.0
1777, 0.0
1776, 0.0
1775, 0.0
1774, 0.0
1772, 0.0
1782, 0.0
664, 0.0
665, 0.0
666, 0.0
667, 0.0
668, 0.0
669, 0.0
670, 0.0
1781, 0.0
1783, 0.0
1726, 0.0
641, 0.0
634, 0.0
635, 0.0
636, 0.0
637, 0.0
638, 0.0
639, 0.0
640, 0.0
642, 0.0
1784, 0.0
643, 0.0
644, 0.0
645, 0.0
646, 0.0
647, 0.0
1787, 0.0
1306, 0.0
671, 0.0
672, 0.0
673, 0.0
1732, 0.0
695, 0.0
1742, 0.0
1739, 0.0
1736, 0.0
1735, 0.0
1734, 0.0
1733, 0.0
1731, 0.0
674, 0.0
1730, 0.0
1729, 0.0
1728, 0.0
1727, 0.0
712, 0.0
713, 0.0
714, 0.0
1751, 0.0
692, 0.0
691, 0.0
690, 0.0
675, 0.0
676, 0.0
677, 0.0
678, 0.0
679, 0.0
680, 0.0
681, 0.0
682, 0.0
1771, 0.0
684, 0.0
685, 0.0
686, 0.0
1770, 0.0
1769, 0.0
1768, 0.0
808, 0.0
810, 0.0
1486, 0.0
1516, 0.0
1521, 0.0
1520, 0.0
1519, 0.0
1518, 0.0
1517, 0.0
923, 0.0
924, 0.0
1515, 0.0
1523, 0.0
927, 0.0
1514, 0.0
1513, 0.0
1512, 0.0
1511, 0.0
1510, 0.0
1509, 0.0
1522, 0.0
1524, 0.0
895, 0.0
1534, 0.0
897, 0.0
1540, 0.0
1539, 0.0
1538, 0.0
1537, 0.0
1536, 0.0
1535, 0.0
1533, 0.0
1525, 0.0
1532, 0.0
1531, 0.0
1530, 0.0
1529, 0.0
1528, 0.0
1527, 0.0
1526, 0.0
1508, 0.0
1507, 0.0
936, 0.0
1495, 0.0
1502, 0.0
1501, 0.0
1500, 0.0
1499, 0.0
1498, 0.0
1497, 0.0
1496, 0.0
1494, 0.0
937, 0.0
1493, 0.0
1492, 0.0
1491, 0.0
1490, 0.0
1489, 0.0
1488, 0.0
1487, 0.0
956, 0.0
1503, 0.0
1504, 0.0
1505, 0.0
938, 0.0
939, 0.0
940, 0.0
941, 0.0
942, 0.0
943, 0.0
944, 0.0
945, 0.0
946, 0.0
947, 0.0
948, 0.0
949, 0.0
950, 0.0
951, 0.0
1506, 0.0
1541, 0.0
1542, 0.0
811, 0.0
845, 0.0
1586, 0.0
1585, 0.0
1584, 0.0
1583, 0.0
1582, 0.0
843, 0.0
844, 0.0
1581, 0.0
1587, 0.0
1580, 0.0
848, 0.0
849, 0.0
850, 0.0
1579, 0.0
1578, 0.0
1577, 0.0
837, 0.0
1588, 0.0
1543, 0.0
819, 0.0
812, 0.0
813, 0.0
814, 0.0
815, 0.0
816, 0.0
817, 0.0
818, 0.0
820, 0.0
1589, 0.0
821, 0.0
822, 0.0
823, 0.0
1592, 0.0
1591, 0.0
828, 0.0
1590, 0.0
1576, 0.0
1575, 0.0
1574, 0.0
1548, 0.0
1555, 0.0
1554, 0.0
1553, 0.0
1552, 0.0
1551, 0.0
1550, 0.0
1549, 0.0
1547, 0.0
1573, 0.0
1546, 0.0
1545, 0.0
888, 0.0
889, 0.0
1544, 0.0
891, 0.0
892, 0.0
876, 0.0
1556, 0.0
1557, 0.0
1558, 0.0
1572, 0.0
1571, 0.0
860, 0.0
1570, 0.0
1569, 0.0
1568, 0.0
1567, 0.0
1566, 0.0
1565, 0.0
1564, 0.0
1563, 0.0
1562, 0.0
1561, 0.0
1560, 0.0
1559, 0.0
2119, 0.0
