Hessian ranking (msb sum eigenvector components) for model (bit idx)
20
5
100
260
340
3710
3630
4310
10
4340
170
3705
60
45
750
3625
4355
140
0
15
110
3685
4350
55
220
125
4330
745
4335
3605
4290
2410
3470
300
210
180
3870
325
3680
4550
4285
725
4580
165
3600
65
245
3465
2010
3865
5850
1350
4230
4345
4280
4320
4595
2020
8810
4315
4260
1380
6250
720
1785
3945
1775
3445
1780
4980
2385
4950
8185
3930
1390
2430
5600
1790
4650
8785
3845
3675
2330
4990
4970
2420
8730
3950
6225
4575
2400
8170
4590
4530
1125
1395
8815
3595
2095
4275
2105
4305
4255
8705
8180
2000
3440
205
1375
8155
5825
4525
4660
8145
6265
2425
8735
8805
2405
4640
4995
3840
5610
4520
6570
2035
5595
4555
490
160
5855
3310
4930
4205
1985
2110
510
3885
5620
1385
8725
4390
1045
4420
5860
715
8120
6545
1770
5605
1325
8125
4210
255
8130
4295
1330
8165
5565
4270
185
5805
1945
6205
5865
4985
2390
155
1795
5845
1935
150
2100
4625
8085
4975
8150
1725
4925
130
6585
1080
4920
1750
2345
8820
4325
8825
2730
8075
5585
8195
2025
4810
2395
200
4830
2005
4570
5840
2045
4960
265
990
1320
500
8505
2030
2435
3940
4435
3305
2415
4200
8740
1130
8765
3905
8190
3435
2650
2350
8160
5810
8100
8770
4825
1765
1140
1950
6525
2365
1000
8345
5520
8040
1365
8135
3835
8110
8175
8745
505
6410
2375
5835
4430
4955
50
2705
3910
4675
1355
4665
3925
8690
2170
1940
95
5210
85
2570
2070
1860
1145
5230
1155
5540
8685
6385
1885
8445
1050
8050
3895
4415
105
2660
6490
8065
3285
8105
4560
2015
4370
8055
1060
2360
2090
6270
8830
4645
4775
2115
4265
910
8410
1910
4235
6425
6245
3935
3955
3050
2320
1285
5070
3915
885
5690
5560
5590
4395
8750
1065
3890
5225
5505
2370
5050
4365
4765
4935
5515
8080
1075
4585
1990
3920
6590
8285
5525
900
4490
1870
5615
3280
2085
1360
8090
905
8795
6365
4360
5635
4410
1965
4480
5220
980
6255
3690
4500
1830
4820
1960
2305
6465
985
1745
4940
40
2315
5570
2340
465
3300
8140
2335
3290
4670
4655
4800
515
2185
5665
8425
8115
3010
5460
2325
455
4795
2080
1970
2695
285
2625
1875
5165
8800
2710
1955
6505
3270
2585
8715
2720
1240
4545
3065
840
5435
740
2640
3655
2190
5430
135
3275
1735
5065
5400
3880
5530
5645
2290
3025
5490
5175
2740
5485
6240
6565
2590
6210
6230
1760
9050
1370
120
2645
8385
4945
4465
5190
5815
8395
5680
5630
3250
1845
4610
230
4790
290
2750
730
4815
1290
8365
890
935
5215
2670
4565
3035
8405
5200
3315
8370
8095
6445
1300
2725
6430
8315
3020
4890
8780
6260
8720
6550
755
5195
5870
4770
8415
4505
4535
4600
4400
6485
8420
5290
495
810
2675
450
5800
3575
295
5015
1995
5470
8380
8325
25
1930
8465
1305
6495
8280
4965
5410
1315
3295
3490
915
3245
5820
8340
5455
2665
5235
2055
2715
5475
1720
5060
3040
2175
8350
8250
485
5445
5685
2575
8435
5555
2655
2040
4510
6275
5625
480
5005
5700
6560
2635
805
3045
2620
3070
5480
4385
5575
2285
5535
970
4170
8305
5040
4375
680
5260
5675
855
8390
6405
1925
5415
2155
5275
8490
3060
9055
4425
8360
5425
2680
3055
3505
8700
5160
2555
695
3240
8295
6235
8225
9025
195
1975
4405
8400
5830
3715
800
5405
3650
3545
2890
5170
6450
6390
6510
1730
3515
1920
4515
5440
3000
1345
5465
3265
8220
9045
6500
5650
6215
5875
930
9060
3530
8290
2615
240
8320
4835
6085
5010
5300
830
5030
4880
8265
8455
6480
2280
2735
3415
5035
4190
5185
2630
3030
4850
3525
5250
5310
1095
5285
6400
9010
3815
8375
3550
4630
6595
5000
1980
705
5055
965
9005
8500
2355
4495
960
3255
8480
2605
2910
5025
3535
2690
850
470
945
5640
2610
9065
4760
4130
8230
2900
3555
4605
5265
4805
975
2510
3075
6040
735
440
3670
710
2885
5305
995
775
4910
5670
815
5205
2880
5245
760
2310
6515
3660
4900
8470
3645
9040
3480
445
3005
2865
700
825
2600
8245
4885
5280
4165
4195
1895
3665
1880
2500
305
8240
2485
3485
1015
4450
4135
6090
1755
460
3520
8205
2915
6100
4855
8450
4905
2295
8475
1650
8330
6470
4160
8335
8510
8545
6435
1335
4915
8570
9035
4865
5315
6475
6105
3695
4155
8485
8775
8440
1695
2545
8355
8430
5180
410
6115
8260
4875
790
8575
8255
4470
315
3900
430
765
5580
8835
8790
8495
5270
3640
8565
8945
920
3700
4860
8210
415
6200
8970
1255
895
6455
1645
2685
8215
8275
1710
2050
1675
9070
835
8975
405
8580
5255
1800
9020
6460
2840
1685
8530
9030
2905
400
2550
1680
2850
8760
1655
1700
1740
690
9015
5295
4895
1150
8965
2560
1640
3260
8270
1090
4845
2250
2225
2895
2245
8515
2535
4125
8980
6440
425
8200
8930
4180
1115
8525
8590
8585
3500
5240
2515
1670
2470
4870
4785
1120
4145
4540
2065
435
2240
5695
4120
75
9075
390
1665
375
8045
3015
4175
3540
4150
1340
360
2580
8990
8925
2075
8985
925
9000
2520
1135
2440
2210
1085
685
8235
2270
8555
2255
2845
8070
2265
8310
950
1110
2260
6055
365
475
8955
8560
2870
4840
8960
2205
3510
2235
3495
1105
2530
9485
9490
9480
9475
9500
9505
9515
9495
9510
6520
2120
2125
9445
2275
2230
2220
2215
2200
2195
9520
9450
9455
2180
9460
9465
2165
2160
9470
2150
2145
2140
2135
2130
2060
9595
9525
1865
9720
9715
9710
9705
1805
1810
1815
1820
1825
9700
1835
1840
9695
1850
1855
9725
9730
9735
9780
9800
9795
1705
9790
1715
9785
9775
9740
9770
9765
9760
9755
9750
9745
9690
9685
9530
9680
9605
9600
9435
9590
9585
9580
9575
9570
9565
9560
9555
9550
9545
9540
9535
9610
9615
9620
9660
9675
9670
1890
9665
1900
1905
1915
9625
9655
9650
9645
9640
9635
9630
9440
9320
9430
8995
2800
2805
2810
2815
2820
2825
2830
2835
9100
9095
2855
2860
9090
2875
9085
2795
2790
2785
9110
9140
9135
9130
9125
9120
9115
2745
2780
9105
2755
2760
2765
2770
2775
9080
2920
2300
2925
8915
8910
8905
8900
8895
3080
3085
3090
3095
3100
3105
3110
3115
3120
3125
8920
8935
8940
2960
2930
2935
2940
2945
2950
2955
2965
8950
2970
2975
2980
2985
2990
2995
9145
2700
9150
9155
9340
9335
9330
9325
9805
9315
9310
9305
9300
2445
2450
2455
2460
2465
2475
9345
9350
2380
9395
9425
9420
9415
9410
9405
9400
9390
9355
9385
9380
9375
9370
9365
9360
2480
9295
2490
9195
9225
9220
9215
9210
9205
9200
9190
9235
9185
9180
9175
9170
9165
9160
9230
9240
2495
9275
9290
2505
9285
2525
2540
9280
9270
9245
2565
9265
9260
9255
9250
2595
1690
1610
9810
575
540
545
550
555
560
565
570
580
530
585
590
595
600
605
610
615
535
525
10335
10295
10330
10325
10320
10315
10310
10305
10300
10290
520
10285
10280
10275
10270
10265
10260
10255
620
625
630
10165
10195
10190
10185
10180
10175
10170
770
780
635
785
10160
795
10155
10150
10145
10140
10200
10205
10210
10215
640
645
650
655
660
665
670
675
10250
10245
10240
10235
10230
10225
10220
420
10340
9815
145
10510
115
10505
10500
10495
10490
10485
10480
10520
10475
10470
10465
10460
175
10455
10450
10515
10525
10345
10560
10585
10580
10575
10570
10565
30
35
10555
90
10550
10545
10540
10535
70
80
10530
190
10445
10440
10355
10370
310
10365
320
10360
330
335
345
10435
350
355
370
380
385
395
10350
10375
10380
10385
10390
10430
215
10425
225
10420
235
10415
10410
250
10405
10400
10395
270
275
280
820
10135
10130
1420
9845
9840
9835
1400
1405
1410
1415
1425
9855
1430
1435
1440
1445
1450
1455
1460
9850
9860
10125
9910
1280
9930
9925
1295
9920
9915
1310
9905
9865
9900
9895
9890
9885
9880
9875
9870
1465
1470
1475
1615
1580
1585
1590
1595
1600
1605
3135
1620
1480
1625
1630
1635
9830
9825
9820
1660
1575
1570
1565
1560
1485
1490
1495
1500
1505
1510
1515
1520
1525
1530
1535
1540
1545
1550
1555
1275
1270
1265
10030
940
10055
955
10050
10045
10040
10035
10025
1030
10020
10015
10010
1005
1010
10005
1020
10060
10065
10070
10075
10120
845
10115
10110
860
865
870
875
880
10105
10100
10095
10090
10085
10080
1025
1035
1260
1215
1180
1185
1190
1195
1200
1205
1210
1220
1040
1225
1230
1235
9940
1245
1250
9935
1175
1170
1165
1160
10000
9995
1055
9990
9985
1070
9980
9975
9970
1100
9965
9960
9955
9950
9945
3130
3220
3140
7045
5370
5375
5380
5385
5390
5395
7050
7040
5360
7035
5420
7030
7025
7020
7015
7010
5365
5355
7105
7065
7095
7090
7085
7080
7075
10590
7070
7060
5350
7055
5320
5325
5330
5335
5340
5345
5450
7005
7000
6885
6920
6915
6910
6905
6900
6895
6890
6880
6995
6875
6870
6865
6860
6855
6850
6845
6925
6930
5550
5545
6990
6985
6980
6975
6970
5495
5500
6965
5510
6960
6955
6950
6945
6940
6935
7100
7110
3145
7260
7295
7290
7285
7280
7275
7270
7265
7255
7305
7250
5020
7245
7240
7235
7230
5045
7300
7310
7115
7360
7395
7390
7385
7380
7375
7370
7365
7355
7315
7350
7345
7340
7335
7330
7325
7320
7225
7220
7215
7160
7195
7190
7185
7180
7175
7170
7165
7155
7210
7150
7145
7140
7135
7130
7125
7120
7200
5155
5150
5145
7205
5075
5080
5085
5090
5095
5100
5105
5110
5115
5120
5125
5130
5135
5140
6840
6835
5655
6685
6165
6170
6175
6180
6185
6190
6195
6680
6155
6675
6670
6220
6665
6660
6655
6650
6160
6150
5660
6700
6065
6070
6075
6080
6710
6705
6095
6695
6145
6110
6690
6120
6125
6130
6135
6140
6645
6640
6635
6395
6360
6610
6370
6375
6380
6605
6600
6580
6630
6575
6555
6415
6420
6540
6535
6530
6355
6350
6345
6340
6625
6620
6615
6280
6285
6290
6295
6300
6305
6310
6315
6320
6325
6330
6335
6060
6050
6045
6795
5765
5770
5775
5780
5785
5790
5795
6790
6745
6785
6780
6775
6770
6765
6760
6755
5760
5755
5750
5745
6830
6825
6820
6815
6810
6805
6800
5705
5710
5715
5720
5725
5730
5735
5740
6750
6740
6715
5995
5960
5965
5970
5975
5980
5985
5990
6000
6735
6005
6010
6015
6020
6025
6030
6035
5955
5950
5945
5940
6730
6725
6720
5880
5885
5890
5895
5900
5905
5910
5915
5920
5925
5930
5935
7400
7405
7410
3765
3730
3735
3740
3745
3750
3755
3760
3770
3720
3775
3780
3785
3790
3795
3800
3805
3725
8020
4010
8540
3580
3585
3590
8550
3610
3615
3620
8535
8025
3635
8520
8460
8300
8060
8035
8030
3810
8015
3820
3960
7940
7935
7930
7925
7920
7915
7910
3965
3825
3970
3975
3980
3985
3990
3995
4000
7945
7950
7955
7960
3830
8010
8005
8000
3850
3855
3860
7995
7990
3875
7985
7980
7975
7970
7965
3570
3565
3560
8845
8880
8875
8870
8865
8860
8855
8850
8840
3340
8755
8710
8695
8680
3320
3325
3330
8885
8890
3235
3230
3150
3155
3160
3165
3170
3175
3180
3185
3190
3195
3200
3205
3210
3215
3225
3335
3345
8595
8640
3450
3455
3460
8655
8650
3475
8645
8635
3350
8630
8625
8620
8615
8610
8605
8600
8660
8665
8670
3430
3355
3360
3365
3370
3375
3380
3385
3390
3395
3400
3405
3410
8675
3420
3425
4005
4015
7415
7555
7590
7585
7580
7575
7570
7565
7560
7550
7600
7545
7540
7535
7530
4615
4620
7525
7595
7605
4020
7650
4445
7665
4455
4460
7660
7655
4475
4485
7610
7645
7640
7635
7630
7625
7620
7615
7520
4635
7515
4780
4745
4750
4755
7475
7470
7465
7460
7455
7510
7450
7445
7440
7435
7430
7425
7420
4740
4735
4730
4725
7505
7500
7495
7490
7485
7480
4680
4685
4690
4695
4700
4705
4710
4715
4720
4440
7670
7675
4185
7905
7900
4140
7895
7890
7885
7880
7875
7845
7870
7865
7860
7855
4215
4220
4225
4115
4110
4105
4100
4025
4030
4035
4040
4045
4050
4055
4060
4065
4070
4075
4080
4085
4090
4095
7850
4240
7680
4380
7755
7750
7745
7740
7735
7730
7725
7720
4245
7715
7710
7705
7700
7695
7690
7685
7760
7765
7770
7775
4250
7840
7835
7830
7825
7820
7815
7810
7805
7800
4300
7795
7790
7785
7780
10595
21
6
101
261
341
3711
3631
4311
11
4341
171
3706
61
46
751
3626
4356
141
1
16
111
3686
4351
56
221
126
4331
746
4336
3606
4291
2411
3471
301
211
181
3871
326
3681
4551
4286
726
4581
166
3601
66
246
3466
2011
3866
5851
1351
4231
4346
4281
4321
4596
2021
8811
4316
4261
1381
6251
721
1786
3946
1776
3446
1781
4981
2386
4951
8186
3931
1391
2431
5601
1791
4651
8786
3846
3676
2331
4991
4971
2421
8731
3951
6226
4576
2401
8171
4591
4531
1126
1396
8816
3596
2096
4276
2106
4306
4256
8706
8181
2001
3441
206
1376
8156
5826
4526
4661
8146
6266
2426
8736
8806
2406
4641
4996
3841
5611
4521
6571
2036
5596
4556
491
161
5856
3311
4931
4206
1986
2111
511
3886
5621
1386
8726
4391
1046
4421
5861
716
8121
6546
1771
5606
1326
8126
4211
256
8131
4296
1331
8166
5566
4271
186
5806
1946
6206
5866
4986
2391
156
1796
5846
1936
151
2101
4626
8086
4976
8151
1726
4926
131
6586
1081
4921
1751
2346
8821
4326
8826
2731
8076
5586
8196
2026
4811
2396
201
4831
2006
4571
5841
2046
4961
266
991
1321
501
8506
2031
2436
3941
4436
3306
2416
4201
8741
1131
8766
3906
8191
3436
2651
2351
8161
5811
8101
8771
4826
1766
1141
1951
6526
2366
1001
8346
5521
8041
1366
8136
3836
8111
8176
8746
506
6411
2376
5836
4431
4956
51
2706
3911
4676
1356
4666
3926
8691
2171
1941
96
5211
86
2571
2071
1861
1146
5231
1156
5541
8686
6386
1886
8446
1051
8051
3896
4416
106
2661
6491
8066
3286
8106
4561
2016
4371
8056
1061
2361
2091
6271
8831
4646
4776
2116
4266
911
8411
1911
4236
6426
6246
3936
3956
3051
2321
1286
5071
3916
886
5691
5561
5591
4396
8751
1066
3891
5226
5506
2371
5051
4366
4766
4936
5516
8081
1076
4586
1991
3921
6591
8286
5526
901
4491
1871
5616
3281
2086
1361
8091
906
8796
6366
4361
5636
4411
1966
4481
5221
981
6256
3691
4501
1831
4821
1961
2306
6466
986
1746
4941
41
2316
5571
2341
466
3301
8141
2336
3291
4671
4656
4801
516
2186
5666
8426
8116
3011
5461
2326
456
4796
2081
1971
2696
286
2626
1876
5166
8801
2711
1956
6506
3271
2586
8716
2721
1241
4546
3066
841
5436
741
2641
3656
2191
5431
136
3276
1736
5066
5401
3881
5531
5646
2291
3026
5491
5176
2741
5486
6241
6566
2591
6211
6231
1761
9051
1371
121
2646
8386
4946
4466
5191
5816
8396
5681
5631
3251
1846
4611
231
4791
291
2751
731
4816
1291
8366
891
936
5216
2671
4566
3036
8406
5201
3316
8371
8096
6446
1301
2726
6431
8316
3021
4891
8781
6261
8721
6551
756
5196
5871
4771
8416
4506
4536
4601
4401
6486
8421
5291
496
811
2676
451
5801
3576
296
5016
1996
5471
8381
8326
26
1931
8466
1306
6496
8281
4966
5411
1316
3296
3491
916
3246
5821
8341
5456
2666
5236
2056
2716
5476
1721
5061
3041
2176
8351
8251
486
5446
5686
2576
8436
5556
2656
2041
4511
6276
5626
481
5006
5701
6561
2636
806
3046
2621
3071
5481
4386
5576
2286
5536
971
4171
8306
5041
4376
681
5261
5676
856
8391
6406
1926
5416
2156
5276
8491
3061
9056
4426
8361
5426
2681
3056
3506
8701
5161
2556
696
3241
8296
6236
8226
9026
196
1976
4406
8401
5831
3716
801
5406
3651
3546
2891
5171
6451
6391
6511
1731
3516
1921
4516
5441
3001
1346
5466
3266
8221
9046
6501
5651
6216
5876
931
9061
3531
8291
2616
241
8321
4836
6086
5011
5301
831
5031
4881
8266
8456
6481
2281
2736
3416
5036
4191
5186
2631
3031
4851
3526
5251
5311
1096
5286
6401
9011
3816
8376
3551
4631
6596
5001
1981
706
5056
966
9006
8501
2356
4496
961
3256
8481
2606
2911
5026
3536
2691
851
471
946
5641
2611
9066
4761
4131
8231
2901
3556
4606
5266
4806
976
2511
3076
6041
736
441
3671
711
2886
5306
996
776
4911
5671
816
5206
2881
5246
761
2311
6516
3661
4901
8471
3646
9041
3481
446
3006
2866
701
826
2601
8246
4886
5281
4166
4196
1896
3666
1881
2501
306
8241
2486
3486
1016
4451
4136
6091
1756
461
3521
8206
2916
6101
4856
8451
4906
2296
8476
1651
8331
6471
4161
8336
8511
8546
6436
1336
4916
8571
9036
4866
5316
6476
6106
3696
4156
8486
8776
8441
1696
2546
8356
8431
5181
411
6116
8261
4876
791
8576
8256
4471
316
3901
431
766
5581
8836
8791
8496
5271
3641
8566
8946
921
3701
4861
8211
416
6201
8971
1256
896
6456
1646
2686
8216
8276
1711
2051
1676
9071
836
8976
406
8581
5256
1801
9021
6461
2841
1686
8531
9031
2906
401
2551
1681
2851
8761
1656
1701
1741
691
9016
5296
4896
1151
8966
2561
1641
3261
8271
1091
4846
2251
2226
2896
2246
8516
2536
4126
8981
6441
426
8201
8931
4181
1116
8526
8591
8586
3501
5241
2516
1671
2471
4871
4786
1121
4146
4541
2066
436
2241
5696
4121
76
9076
391
1666
376
8046
3016
4176
3541
4151
1341
361
2581
8991
8926
2076
8986
926
9001
2521
1136
2441
2211
1086
686
8236
2271
8556
2256
2846
8071
2266
8311
951
1111
2261
6056
366
476
8956
8561
2871
4841
8961
2206
3511
2236
3496
1106
2531
9486
9491
9481
9476
9501
9506
9516
9496
9511
6521
2121
2126
9446
2276
2231
2221
2216
2201
2196
9521
9451
9456
2181
9461
9466
2166
2161
9471
2151
2146
2141
2136
2131
2061
9596
9526
1866
9721
9716
9711
9706
1806
1811
1816
1821
1826
9701
1836
1841
9696
1851
1856
9726
9731
9736
9781
9801
9796
1706
9791
1716
9786
9776
9741
9771
9766
9761
9756
9751
9746
9691
9686
9531
9681
9606
9601
9436
9591
9586
9581
9576
9571
9566
9561
9556
9551
9546
9541
9536
9611
9616
9621
9661
9676
9671
1891
9666
1901
1906
1916
9626
9656
9651
9646
9641
9636
9631
9441
9321
9431
8996
2801
2806
2811
2816
2821
2826
2831
2836
9101
9096
2856
2861
9091
2876
9086
2796
2791
2786
9111
9141
9136
9131
9126
9121
9116
2746
2781
9106
2756
2761
2766
2771
2776
9081
2921
2301
2926
8916
8911
8906
8901
8896
3081
3086
3091
3096
3101
3106
3111
3116
3121
3126
8921
8936
8941
2961
2931
2936
2941
2946
2951
2956
2966
8951
2971
2976
2981
2986
2991
2996
9146
2701
9151
9156
9341
9336
9331
9326
9806
9316
9311
9306
9301
2446
2451
2456
2461
2466
2476
9346
9351
2381
9396
9426
9421
9416
9411
9406
9401
9391
9356
9386
9381
9376
9371
9366
9361
2481
9296
2491
9196
9226
9221
9216
9211
9206
9201
9191
9236
9186
9181
9176
9171
9166
9161
9231
9241
2496
9276
9291
2506
9286
2526
2541
9281
9271
9246
2566
9266
9261
9256
9251
2596
1691
1611
9811
576
541
546
551
556
561
566
571
581
531
586
591
596
601
606
611
616
536
526
10336
10296
10331
10326
10321
10316
10311
10306
10301
10291
521
10286
10281
10276
10271
10266
10261
10256
621
626
631
10166
10196
10191
10186
10181
10176
10171
771
781
636
786
10161
796
10156
10151
10146
10141
10201
10206
10211
10216
641
646
651
656
661
666
671
676
10251
10246
10241
10236
10231
10226
10221
421
10341
9816
146
10511
116
10506
10501
10496
10491
10486
10481
10521
10476
10471
10466
10461
176
10456
10451
10516
10526
10346
10561
10586
10581
10576
10571
10566
31
36
10556
91
10551
10546
10541
10536
71
81
10531
191
10446
10441
10356
10371
311
10366
321
10361
331
336
346
10436
351
356
371
381
386
396
10351
10376
10381
10386
10391
10431
216
10426
226
10421
236
10416
10411
251
10406
10401
10396
271
276
281
821
10136
10131
1421
9846
9841
9836
1401
1406
1411
1416
1426
9856
1431
1436
1441
1446
1451
1456
1461
9851
9861
10126
9911
1281
9931
9926
1296
9921
9916
1311
9906
9866
9901
9896
9891
9886
9881
9876
9871
1466
1471
1476
1616
1581
1586
1591
1596
1601
1606
3136
1621
1481
1626
1631
1636
9831
9826
9821
1661
1576
1571
1566
1561
1486
1491
1496
1501
1506
1511
1516
1521
1526
1531
1536
1541
1546
1551
1556
1276
1271
1266
10031
941
10056
956
10051
10046
10041
10036
10026
1031
10021
10016
10011
1006
1011
10006
1021
10061
10066
10071
10076
10121
846
10116
10111
861
866
871
876
881
10106
10101
10096
10091
10086
10081
1026
1036
1261
1216
1181
1186
1191
1196
1201
1206
1211
1221
1041
1226
1231
1236
9941
1246
1251
9936
1176
1171
1166
1161
10001
9996
1056
9991
9986
1071
9981
9976
9971
1101
9966
9961
9956
9951
9946
3131
3221
3141
7046
5371
5376
5381
5386
5391
5396
7051
7041
5361
7036
5421
7031
7026
7021
7016
7011
5366
5356
7106
7066
7096
7091
7086
7081
7076
10591
7071
7061
5351
7056
5321
5326
5331
5336
5341
5346
5451
7006
7001
6886
6921
6916
6911
6906
6901
6896
6891
6881
6996
6876
6871
6866
6861
6856
6851
6846
6926
6931
5551
5546
6991
6986
6981
6976
6971
5496
5501
6966
5511
6961
6956
6951
6946
6941
6936
7101
7111
3146
7261
7296
7291
7286
7281
7276
7271
7266
7256
7306
7251
5021
7246
7241
7236
7231
5046
7301
7311
7116
7361
7396
7391
7386
7381
7376
7371
7366
7356
7316
7351
7346
7341
7336
7331
7326
7321
7226
7221
7216
7161
7196
7191
7186
7181
7176
7171
7166
7156
7211
7151
7146
7141
7136
7131
7126
7121
7201
5156
5151
5146
7206
5076
5081
5086
5091
5096
5101
5106
5111
5116
5121
5126
5131
5136
5141
6841
6836
5656
6686
6166
6171
6176
6181
6186
6191
6196
6681
6156
6676
6671
6221
6666
6661
6656
6651
6161
6151
5661
6701
6066
6071
6076
6081
6711
6706
6096
6696
6146
6111
6691
6121
6126
6131
6136
6141
6646
6641
6636
6396
6361
6611
6371
6376
6381
6606
6601
6581
6631
6576
6556
6416
6421
6541
6536
6531
6356
6351
6346
6341
6626
6621
6616
6281
6286
6291
6296
6301
6306
6311
6316
6321
6326
6331
6336
6061
6051
6046
6796
5766
5771
5776
5781
5786
5791
5796
6791
6746
6786
6781
6776
6771
6766
6761
6756
5761
5756
5751
5746
6831
6826
6821
6816
6811
6806
6801
5706
5711
5716
5721
5726
5731
5736
5741
6751
6741
6716
5996
5961
5966
5971
5976
5981
5986
5991
6001
6736
6006
6011
6016
6021
6026
6031
6036
5956
5951
5946
5941
6731
6726
6721
5881
5886
5891
5896
5901
5906
5911
5916
5921
5926
5931
5936
7401
7406
7411
3766
3731
3736
3741
3746
3751
3756
3761
3771
3721
3776
3781
3786
3791
3796
3801
3806
3726
8021
4011
8541
3581
3586
3591
8551
3611
3616
3621
8536
8026
3636
8521
8461
8301
8061
8036
8031
3811
8016
3821
3961
7941
7936
7931
7926
7921
7916
7911
3966
3826
3971
3976
3981
3986
3991
3996
4001
7946
7951
7956
7961
3831
8011
8006
8001
3851
3856
3861
7996
7991
3876
7986
7981
7976
7971
7966
3571
3566
3561
8846
8881
8876
8871
8866
8861
8856
8851
8841
3341
8756
8711
8696
8681
3321
3326
3331
8886
8891
3236
3231
3151
3156
3161
3166
3171
3176
3181
3186
3191
3196
3201
3206
3211
3216
3226
3336
3346
8596
8641
3451
3456
3461
8656
8651
3476
8646
8636
3351
8631
8626
8621
8616
8611
8606
8601
8661
8666
8671
3431
3356
3361
3366
3371
3376
3381
3386
3391
3396
3401
3406
3411
8676
3421
3426
4006
4016
7416
7556
7591
7586
7581
7576
7571
7566
7561
7551
7601
7546
7541
7536
7531
4616
4621
7526
7596
7606
4021
7651
4446
7666
4456
4461
7661
7656
4476
4486
7611
7646
7641
7636
7631
7626
7621
7616
7521
4636
7516
4781
4746
4751
4756
7476
7471
7466
7461
7456
7511
7451
7446
7441
7436
7431
7426
7421
4741
4736
4731
4726
7506
7501
7496
7491
7486
7481
4681
4686
4691
4696
4701
4706
4711
4716
4721
4441
7671
7676
4186
7906
7901
4141
7896
7891
7886
7881
7876
7846
7871
7866
7861
7856
4216
4221
4226
4116
4111
4106
4101
4026
4031
4036
4041
4046
4051
4056
4061
4066
4071
4076
4081
4086
4091
4096
7851
4241
7681
4381
7756
7751
7746
7741
7736
7731
7726
7721
4246
7716
7711
7706
7701
7696
7691
7686
7761
7766
7771
7776
4251
7841
7836
7831
7826
7821
7816
7811
7806
7801
4301
7796
7791
7786
7781
10596
22
7
102
262
342
3712
3632
4312
12
4342
172
3707
62
47
752
3627
4357
142
2
17
112
3687
4352
57
222
127
4332
747
4337
3607
4292
2412
3472
302
212
182
3872
327
3682
4552
4287
727
4582
167
3602
67
247
3467
2012
3867
5852
1352
4232
4347
4282
4322
4597
2022
8812
4317
4262
1382
6252
722
1787
3947
1777
3447
1782
4982
2387
4952
8187
3932
1392
2432
5602
1792
4652
8787
3847
3677
2332
4992
4972
2422
8732
3952
6227
4577
2402
8172
4592
4532
1127
1397
8817
3597
2097
4277
2107
4307
4257
8707
8182
2002
3442
207
1377
8157
5827
4527
4662
8147
6267
2427
8737
8807
2407
4642
4997
3842
5612
4522
6572
2037
5597
4557
492
162
5857
3312
4932
4207
1987
2112
512
3887
5622
1387
8727
4392
1047
4422
5862
717
8122
6547
1772
5607
1327
8127
4212
257
8132
4297
1332
8167
5567
4272
187
5807
1947
6207
5867
4987
2392
157
1797
5847
1937
152
2102
4627
8087
4977
8152
1727
4927
132
6587
1082
4922
1752
2347
8822
4327
8827
2732
8077
5587
8197
2027
4812
2397
202
4832
2007
4572
5842
2047
4962
267
992
1322
502
8507
2032
2437
3942
4437
3307
2417
4202
8742
1132
8767
3907
8192
3437
2652
2352
8162
5812
8102
8772
4827
1767
1142
1952
6527
2367
1002
8347
5522
8042
1367
8137
3837
8112
8177
8747
507
6412
2377
5837
4432
4957
52
2707
3912
4677
1357
4667
3927
8692
2172
1942
97
5212
87
2572
2072
1862
1147
5232
1157
5542
8687
6387
1887
8447
1052
8052
3897
4417
107
2662
6492
8067
3287
8107
4562
2017
4372
8057
1062
2362
2092
6272
8832
4647
4777
2117
4267
912
8412
1912
4237
6427
6247
3937
3957
3052
2322
1287
5072
3917
887
5692
5562
5592
4397
8752
1067
3892
5227
5507
2372
5052
4367
4767
4937
5517
8082
1077
4587
1992
3922
6592
8287
5527
902
4492
1872
5617
3282
2087
1362
8092
907
8797
6367
4362
5637
4412
1967
4482
5222
982
6257
3692
4502
1832
4822
1962
2307
6467
987
1747
4942
42
2317
5572
2342
467
3302
8142
2337
3292
4672
4657
4802
517
2187
5667
8427
8117
3012
5462
2327
457
4797
2082
1972
2697
287
2627
1877
5167
8802
2712
1957
6507
3272
2587
8717
2722
1242
4547
3067
842
5437
742
2642
3657
2192
5432
137
3277
1737
5067
5402
3882
5532
5647
2292
3027
5492
5177
2742
5487
6242
6567
2592
6212
6232
1762
9052
1372
122
2647
8387
4947
4467
5192
5817
8397
5682
5632
3252
1847
4612
232
4792
292
2752
732
4817
1292
8367
892
937
5217
2672
4567
3037
8407
5202
3317
8372
8097
6447
1302
2727
6432
8317
3022
4892
8782
6262
8722
6552
757
5197
5872
4772
8417
4507
4537
4602
4402
6487
8422
5292
497
812
2677
452
5802
3577
297
5017
1997
5472
8382
8327
27
1932
8467
1307
6497
8282
4967
5412
1317
3297
3492
917
3247
5822
8342
5457
2667
5237
2057
2717
5477
1722
5062
3042
2177
8352
8252
487
5447
5687
2577
8437
5557
2657
2042
4512
6277
5627
482
5007
5702
6562
2637
807
3047
2622
3072
5482
4387
5577
2287
5537
972
4172
8307
5042
4377
682
5262
5677
857
8392
6407
1927
5417
2157
5277
8492
3062
9057
4427
8362
5427
2682
3057
3507
8702
5162
2557
697
3242
8297
6237
8227
9027
197
1977
4407
8402
5832
3717
802
5407
3652
3547
2892
5172
6452
6392
6512
1732
3517
1922
4517
5442
3002
1347
5467
3267
8222
9047
6502
5652
6217
5877
932
9062
3532
8292
2617
242
8322
4837
6087
5012
5302
832
5032
4882
8267
8457
6482
2282
2737
3417
5037
4192
5187
2632
3032
4852
3527
5252
5312
1097
5287
6402
9012
3817
8377
3552
4632
6597
5002
1982
707
5057
967
9007
8502
2357
4497
962
3257
8482
2607
2912
5027
3537
2692
852
472
947
5642
2612
9067
4762
4132
8232
2902
3557
4607
5267
4807
977
2512
3077
6042
737
442
3672
712
2887
5307
997
777
4912
5672
817
5207
2882
5247
762
2312
6517
3662
4902
8472
3647
9042
3482
447
3007
2867
702
827
2602
8247
4887
5282
4167
4197
1897
3667
1882
2502
307
8242
2487
3487
1017
4452
4137
6092
1757
462
3522
8207
2917
6102
4857
8452
4907
2297
8477
1652
8332
6472
4162
8337
8512
8547
6437
1337
4917
8572
9037
4867
5317
6477
6107
3697
4157
8487
8777
8442
1697
2547
8357
8432
5182
412
6117
8262
4877
792
8577
8257
4472
317
3902
432
767
5582
8837
8792
8497
5272
3642
8567
8947
922
3702
4862
8212
417
6202
8972
1257
897
6457
1647
2687
8217
8277
1712
2052
1677
9072
837
8977
407
8582
5257
1802
9022
6462
2842
1687
8532
9032
2907
402
2552
1682
2852
8762
1657
1702
1742
692
9017
5297
4897
1152
8967
2562
1642
3262
8272
1092
4847
2252
2227
2897
2247
8517
2537
4127
8982
6442
427
8202
8932
4182
1117
8527
8592
8587
3502
5242
2517
1672
2472
4872
4787
1122
4147
4542
2067
437
2242
5697
4122
77
9077
392
1667
377
8047
3017
4177
3542
4152
1342
362
2582
8992
8927
2077
8987
927
9002
2522
1137
2442
2212
1087
687
8237
2272
8557
2257
2847
8072
2267
8312
952
1112
2262
6057
367
477
8957
8562
2872
4842
8962
2207
3512
2237
3497
1107
2532
9487
9492
9482
9477
9502
9507
9517
9497
9512
6522
2122
2127
9447
2277
2232
2222
2217
2202
2197
9522
9452
9457
2182
9462
9467
2167
2162
9472
2152
2147
2142
2137
2132
2062
9597
9527
1867
9722
9717
9712
9707
1807
1812
1817
1822
1827
9702
1837
1842
9697
1852
1857
9727
9732
9737
9782
9802
9797
1707
9792
1717
9787
9777
9742
9772
9767
9762
9757
9752
9747
9692
9687
9532
9682
9607
9602
9437
9592
9587
9582
9577
9572
9567
9562
9557
9552
9547
9542
9537
9612
9617
9622
9662
9677
9672
1892
9667
1902
1907
1917
9627
9657
9652
9647
9642
9637
9632
9442
9322
9432
8997
2802
2807
2812
2817
2822
2827
2832
2837
9102
9097
2857
2862
9092
2877
9087
2797
2792
2787
9112
9142
9137
9132
9127
9122
9117
2747
2782
9107
2757
2762
2767
2772
2777
9082
2922
2302
2927
8917
8912
8907
8902
8897
3082
3087
3092
3097
3102
3107
3112
3117
3122
3127
8922
8937
8942
2962
2932
2937
2942
2947
2952
2957
2967
8952
2972
2977
2982
2987
2992
2997
9147
2702
9152
9157
9342
9337
9332
9327
9807
9317
9312
9307
9302
2447
2452
2457
2462
2467
2477
9347
9352
2382
9397
9427
9422
9417
9412
9407
9402
9392
9357
9387
9382
9377
9372
9367
9362
2482
9297
2492
9197
9227
9222
9217
9212
9207
9202
9192
9237
9187
9182
9177
9172
9167
9162
9232
9242
2497
9277
9292
2507
9287
2527
2542
9282
9272
9247
2567
9267
9262
9257
9252
2597
1692
1612
9812
577
542
547
552
557
562
567
572
582
532
587
592
597
602
607
612
617
537
527
10337
10297
10332
10327
10322
10317
10312
10307
10302
10292
522
10287
10282
10277
10272
10267
10262
10257
622
627
632
10167
10197
10192
10187
10182
10177
10172
772
782
637
787
10162
797
10157
10152
10147
10142
10202
10207
10212
10217
642
647
652
657
662
667
672
677
10252
10247
10242
10237
10232
10227
10222
422
10342
9817
147
10512
117
10507
10502
10497
10492
10487
10482
10522
10477
10472
10467
10462
177
10457
10452
10517
10527
10347
10562
10587
10582
10577
10572
10567
32
37
10557
92
10552
10547
10542
10537
72
82
10532
192
10447
10442
10357
10372
312
10367
322
10362
332
337
347
10437
352
357
372
382
387
397
10352
10377
10382
10387
10392
10432
217
10427
227
10422
237
10417
10412
252
10407
10402
10397
272
277
282
822
10137
10132
1422
9847
9842
9837
1402
1407
1412
1417
1427
9857
1432
1437
1442
1447
1452
1457
1462
9852
9862
10127
9912
1282
9932
9927
1297
9922
9917
1312
9907
9867
9902
9897
9892
9887
9882
9877
9872
1467
1472
1477
1617
1582
1587
1592
1597
1602
1607
3137
1622
1482
1627
1632
1637
9832
9827
9822
1662
1577
1572
1567
1562
1487
1492
1497
1502
1507
1512
1517
1522
1527
1532
1537
1542
1547
1552
1557
1277
1272
1267
10032
942
10057
957
10052
10047
10042
10037
10027
1032
10022
10017
10012
1007
1012
10007
1022
10062
10067
10072
10077
10122
847
10117
10112
862
867
872
877
882
10107
10102
10097
10092
10087
10082
1027
1037
1262
1217
1182
1187
1192
1197
1202
1207
1212
1222
1042
1227
1232
1237
9942
1247
1252
9937
1177
1172
1167
1162
10002
9997
1057
9992
9987
1072
9982
9977
9972
1102
9967
9962
9957
9952
9947
3132
3222
3142
7047
5372
5377
5382
5387
5392
5397
7052
7042
5362
7037
5422
7032
7027
7022
7017
7012
5367
5357
7107
7067
7097
7092
7087
7082
7077
10592
7072
7062
5352
7057
5322
5327
5332
5337
5342
5347
5452
7007
7002
6887
6922
6917
6912
6907
6902
6897
6892
6882
6997
6877
6872
6867
6862
6857
6852
6847
6927
6932
5552
5547
6992
6987
6982
6977
6972
5497
5502
6967
5512
6962
6957
6952
6947
6942
6937
7102
7112
3147
7262
7297
7292
7287
7282
7277
7272
7267
7257
7307
7252
5022
7247
7242
7237
7232
5047
7302
7312
7117
7362
7397
7392
7387
7382
7377
7372
7367
7357
7317
7352
7347
7342
7337
7332
7327
7322
7227
7222
7217
7162
7197
7192
7187
7182
7177
7172
7167
7157
7212
7152
7147
7142
7137
7132
7127
7122
7202
5157
5152
5147
7207
5077
5082
5087
5092
5097
5102
5107
5112
5117
5122
5127
5132
5137
5142
6842
6837
5657
6687
6167
6172
6177
6182
6187
6192
6197
6682
6157
6677
6672
6222
6667
6662
6657
6652
6162
6152
5662
6702
6067
6072
6077
6082
6712
6707
6097
6697
6147
6112
6692
6122
6127
6132
6137
6142
6647
6642
6637
6397
6362
6612
6372
6377
6382
6607
6602
6582
6632
6577
6557
6417
6422
6542
6537
6532
6357
6352
6347
6342
6627
6622
6617
6282
6287
6292
6297
6302
6307
6312
6317
6322
6327
6332
6337
6062
6052
6047
6797
5767
5772
5777
5782
5787
5792
5797
6792
6747
6787
6782
6777
6772
6767
6762
6757
5762
5757
5752
5747
6832
6827
6822
6817
6812
6807
6802
5707
5712
5717
5722
5727
5732
5737
5742
6752
6742
6717
5997
5962
5967
5972
5977
5982
5987
5992
6002
6737
6007
6012
6017
6022
6027
6032
6037
5957
5952
5947
5942
6732
6727
6722
5882
5887
5892
5897
5902
5907
5912
5917
5922
5927
5932
5937
7402
7407
7412
3767
3732
3737
3742
3747
3752
3757
3762
3772
3722
3777
3782
3787
3792
3797
3802
3807
3727
8022
4012
8542
3582
3587
3592
8552
3612
3617
3622
8537
8027
3637
8522
8462
8302
8062
8037
8032
3812
8017
3822
3962
7942
7937
7932
7927
7922
7917
7912
3967
3827
3972
3977
3982
3987
3992
3997
4002
7947
7952
7957
7962
3832
8012
8007
8002
3852
3857
3862
7997
7992
3877
7987
7982
7977
7972
7967
3572
3567
3562
8847
8882
8877
8872
8867
8862
8857
8852
8842
3342
8757
8712
8697
8682
3322
3327
3332
8887
8892
3237
3232
3152
3157
3162
3167
3172
3177
3182
3187
3192
3197
3202
3207
3212
3217
3227
3337
3347
8597
8642
3452
3457
3462
8657
8652
3477
8647
8637
3352
8632
8627
8622
8617
8612
8607
8602
8662
8667
8672
3432
3357
3362
3367
3372
3377
3382
3387
3392
3397
3402
3407
3412
8677
3422
3427
4007
4017
7417
7557
7592
7587
7582
7577
7572
7567
7562
7552
7602
7547
7542
7537
7532
4617
4622
7527
7597
7607
4022
7652
4447
7667
4457
4462
7662
7657
4477
4487
7612
7647
7642
7637
7632
7627
7622
7617
7522
4637
7517
4782
4747
4752
4757
7477
7472
7467
7462
7457
7512
7452
7447
7442
7437
7432
7427
7422
4742
4737
4732
4727
7507
7502
7497
7492
7487
7482
4682
4687
4692
4697
4702
4707
4712
4717
4722
4442
7672
7677
4187
7907
7902
4142
7897
7892
7887
7882
7877
7847
7872
7867
7862
7857
4217
4222
4227
4117
4112
4107
4102
4027
4032
4037
4042
4047
4052
4057
4062
4067
4072
4077
4082
4087
4092
4097
7852
4242
7682
4382
7757
7752
7747
7742
7737
7732
7727
7722
4247
7717
7712
7707
7702
7697
7692
7687
7762
7767
7772
7777
4252
7842
7837
7832
7827
7822
7817
7812
7807
7802
4302
7797
7792
7787
7782
10597
23
8
103
263
343
3713
3633
4313
13
4343
173
3708
63
48
753
3628
4358
143
3
18
113
3688
4353
58
223
128
4333
748
4338
3608
4293
2413
3473
303
213
183
3873
328
3683
4553
4288
728
4583
168
3603
68
248
3468
2013
3868
5853
1353
4233
4348
4283
4323
4598
2023
8813
4318
4263
1383
6253
723
1788
3948
1778
3448
1783
4983
2388
4953
8188
3933
1393
2433
5603
1793
4653
8788
3848
3678
2333
4993
4973
2423
8733
3953
6228
4578
2403
8173
4593
4533
1128
1398
8818
3598
2098
4278
2108
4308
4258
8708
8183
2003
3443
208
1378
8158
5828
4528
4663
8148
6268
2428
8738
8808
2408
4643
4998
3843
5613
4523
6573
2038
5598
4558
493
163
5858
3313
4933
4208
1988
2113
513
3888
5623
1388
8728
4393
1048
4423
5863
718
8123
6548
1773
5608
1328
8128
4213
258
8133
4298
1333
8168
5568
4273
188
5808
1948
6208
5868
4988
2393
158
1798
5848
1938
153
2103
4628
8088
4978
8153
1728
4928
133
6588
1083
4923
1753
2348
8823
4328
8828
2733
8078
5588
8198
2028
4813
2398
203
4833
2008
4573
5843
2048
4963
268
993
1323
503
8508
2033
2438
3943
4438
3308
2418
4203
8743
1133
8768
3908
8193
3438
2653
2353
8163
5813
8103
8773
4828
1768
1143
1953
6528
2368
1003
8348
5523
8043
1368
8138
3838
8113
8178
8748
508
6413
2378
5838
4433
4958
53
2708
3913
4678
1358
4668
3928
8693
2173
1943
98
5213
88
2573
2073
1863
1148
5233
1158
5543
8688
6388
1888
8448
1053
8053
3898
4418
108
2663
6493
8068
3288
8108
4563
2018
4373
8058
1063
2363
2093
6273
8833
4648
4778
2118
4268
913
8413
1913
4238
6428
6248
3938
3958
3053
2323
1288
5073
3918
888
5693
5563
5593
4398
8753
1068
3893
5228
5508
2373
5053
4368
4768
4938
5518
8083
1078
4588
1993
3923
6593
8288
5528
903
4493
1873
5618
3283
2088
1363
8093
908
8798
6368
4363
5638
4413
1968
4483
5223
983
6258
3693
4503
1833
4823
1963
2308
6468
988
1748
4943
43
2318
5573
2343
468
3303
8143
2338
3293
4673
4658
4803
518
2188
5668
8428
8118
3013
5463
2328
458
4798
2083
1973
2698
288
2628
1878
5168
8803
2713
1958
6508
3273
2588
8718
2723
1243
4548
3068
843
5438
743
2643
3658
2193
5433
138
3278
1738
5068
5403
3883
5533
5648
2293
3028
5493
5178
2743
5488
6243
6568
2593
6213
6233
1763
9053
1373
123
2648
8388
4948
4468
5193
5818
8398
5683
5633
3253
1848
4613
233
4793
293
2753
733
4818
1293
8368
893
938
5218
2673
4568
3038
8408
5203
3318
8373
8098
6448
1303
2728
6433
8318
3023
4893
8783
6263
8723
6553
758
5198
5873
4773
8418
4508
4538
4603
4403
6488
8423
5293
498
813
2678
453
5803
3578
298
5018
1998
5473
8383
8328
28
1933
8468
1308
6498
8283
4968
5413
1318
3298
3493
918
3248
5823
8343
5458
2668
5238
2058
2718
5478
1723
5063
3043
2178
8353
8253
488
5448
5688
2578
8438
5558
2658
2043
4513
6278
5628
483
5008
5703
6563
2638
808
3048
2623
3073
5483
4388
5578
2288
5538
973
4173
8308
5043
4378
683
5263
5678
858
8393
6408
1928
5418
2158
5278
8493
3063
9058
4428
8363
5428
2683
3058
3508
8703
5163
2558
698
3243
8298
6238
8228
9028
198
1978
4408
8403
5833
3718
803
5408
3653
3548
2893
5173
6453
6393
6513
1733
3518
1923
4518
5443
3003
1348
5468
3268
8223
9048
6503
5653
6218
5878
933
9063
3533
8293
2618
243
8323
4838
6088
5013
5303
833
5033
4883
8268
8458
6483
2283
2738
3418
5038
4193
5188
2633
3033
4853
3528
5253
5313
1098
5288
6403
9013
3818
8378
3553
4633
6598
5003
1983
708
5058
968
9008
8503
2358
4498
963
3258
8483
2608
2913
5028
3538
2693
853
473
948
5643
2613
9068
4763
4133
8233
2903
3558
4608
5268
4808
978
2513
3078
6043
738
443
3673
713
2888
5308
998
778
4913
5673
818
5208
2883
5248
763
2313
6518
3663
4903
8473
3648
9043
3483
448
3008
2868
703
828
2603
8248
4888
5283
4168
4198
1898
3668
1883
2503
308
8243
2488
3488
1018
4453
4138
6093
1758
463
3523
8208
2918
6103
4858
8453
4908
2298
8478
1653
8333
6473
4163
8338
8513
8548
6438
1338
4918
8573
9038
4868
5318
6478
6108
3698
4158
8488
8778
8443
1698
2548
8358
8433
5183
413
6118
8263
4878
793
8578
8258
4473
318
3903
433
768
5583
8838
8793
8498
5273
3643
8568
8948
923
3703
4863
8213
418
6203
8973
1258
898
6458
1648
2688
8218
8278
1713
2053
1678
9073
838
8978
408
8583
5258
1803
9023
6463
2843
1688
8533
9033
2908
403
2553
1683
2853
8763
1658
1703
1743
693
9018
5298
4898
1153
8968
2563
1643
3263
8273
1093
4848
2253
2228
2898
2248
8518
2538
4128
8983
6443
428
8203
8933
4183
1118
8528
8593
8588
3503
5243
2518
1673
2473
4873
4788
1123
4148
4543
2068
438
2243
5698
4123
78
9078
393
1668
378
8048
3018
4178
3543
4153
1343
363
2583
8993
8928
2078
8988
928
9003
2523
1138
2443
2213
1088
688
8238
2273
8558
2258
2848
8073
2268
8313
953
1113
2263
6058
368
478
8958
8563
2873
4843
8963
2208
3513
2238
3498
1108
2533
9488
9493
9483
9478
9503
9508
9518
9498
9513
6523
2123
2128
9448
2278
2233
2223
2218
2203
2198
9523
9453
9458
2183
9463
9468
2168
2163
9473
2153
2148
2143
2138
2133
2063
9598
9528
1868
9723
9718
9713
9708
1808
1813
1818
1823
1828
9703
1838
1843
9698
1853
1858
9728
9733
9738
9783
9803
9798
1708
9793
1718
9788
9778
9743
9773
9768
9763
9758
9753
9748
9693
9688
9533
9683
9608
9603
9438
9593
9588
9583
9578
9573
9568
9563
9558
9553
9548
9543
9538
9613
9618
9623
9663
9678
9673
1893
9668
1903
1908
1918
9628
9658
9653
9648
9643
9638
9633
9443
9323
9433
8998
2803
2808
2813
2818
2823
2828
2833
2838
9103
9098
2858
2863
9093
2878
9088
2798
2793
2788
9113
9143
9138
9133
9128
9123
9118
2748
2783
9108
2758
2763
2768
2773
2778
9083
2923
2303
2928
8918
8913
8908
8903
8898
3083
3088
3093
3098
3103
3108
3113
3118
3123
3128
8923
8938
8943
2963
2933
2938
2943
2948
2953
2958
2968
8953
2973
2978
2983
2988
2993
2998
9148
2703
9153
9158
9343
9338
9333
9328
9808
9318
9313
9308
9303
2448
2453
2458
2463
2468
2478
9348
9353
2383
9398
9428
9423
9418
9413
9408
9403
9393
9358
9388
9383
9378
9373
9368
9363
2483
9298
2493
9198
9228
9223
9218
9213
9208
9203
9193
9238
9188
9183
9178
9173
9168
9163
9233
9243
2498
9278
9293
2508
9288
2528
2543
9283
9273
9248
2568
9268
9263
9258
9253
2598
1693
1613
9813
578
543
548
553
558
563
568
573
583
533
588
593
598
603
608
613
618
538
528
10338
10298
10333
10328
10323
10318
10313
10308
10303
10293
523
10288
10283
10278
10273
10268
10263
10258
623
628
633
10168
10198
10193
10188
10183
10178
10173
773
783
638
788
10163
798
10158
10153
10148
10143
10203
10208
10213
10218
643
648
653
658
663
668
673
678
10253
10248
10243
10238
10233
10228
10223
423
10343
9818
148
10513
118
10508
10503
10498
10493
10488
10483
10523
10478
10473
10468
10463
178
10458
10453
10518
10528
10348
10563
10588
10583
10578
10573
10568
33
38
10558
93
10553
10548
10543
10538
73
83
10533
193
10448
10443
10358
10373
313
10368
323
10363
333
338
348
10438
353
358
373
383
388
398
10353
10378
10383
10388
10393
10433
218
10428
228
10423
238
10418
10413
253
10408
10403
10398
273
278
283
823
10138
10133
1423
9848
9843
9838
1403
1408
1413
1418
1428
9858
1433
1438
1443
1448
1453
1458
1463
9853
9863
10128
9913
1283
9933
9928
1298
9923
9918
1313
9908
9868
9903
9898
9893
9888
9883
9878
9873
1468
1473
1478
1618
1583
1588
1593
1598
1603
1608
3138
1623
1483
1628
1633
1638
9833
9828
9823
1663
1578
1573
1568
1563
1488
1493
1498
1503
1508
1513
1518
1523
1528
1533
1538
1543
1548
1553
1558
1278
1273
1268
10033
943
10058
958
10053
10048
10043
10038
10028
1033
10023
10018
10013
1008
1013
10008
1023
10063
10068
10073
10078
10123
848
10118
10113
863
868
873
878
883
10108
10103
10098
10093
10088
10083
1028
1038
1263
1218
1183
1188
1193
1198
1203
1208
1213
1223
1043
1228
1233
1238
9943
1248
1253
9938
1178
1173
1168
1163
10003
9998
1058
9993
9988
1073
9983
9978
9973
1103
9968
9963
9958
9953
9948
3133
3223
3143
7048
5373
5378
5383
5388
5393
5398
7053
7043
5363
7038
5423
7033
7028
7023
7018
7013
5368
5358
7108
7068
7098
7093
7088
7083
7078
10593
7073
7063
5353
7058
5323
5328
5333
5338
5343
5348
5453
7008
7003
6888
6923
6918
6913
6908
6903
6898
6893
6883
6998
6878
6873
6868
6863
6858
6853
6848
6928
6933
5553
5548
6993
6988
6983
6978
6973
5498
5503
6968
5513
6963
6958
6953
6948
6943
6938
7103
7113
3148
7263
7298
7293
7288
7283
7278
7273
7268
7258
7308
7253
5023
7248
7243
7238
7233
5048
7303
7313
7118
7363
7398
7393
7388
7383
7378
7373
7368
7358
7318
7353
7348
7343
7338
7333
7328
7323
7228
7223
7218
7163
7198
7193
7188
7183
7178
7173
7168
7158
7213
7153
7148
7143
7138
7133
7128
7123
7203
5158
5153
5148
7208
5078
5083
5088
5093
5098
5103
5108
5113
5118
5123
5128
5133
5138
5143
6843
6838
5658
6688
6168
6173
6178
6183
6188
6193
6198
6683
6158
6678
6673
6223
6668
6663
6658
6653
6163
6153
5663
6703
6068
6073
6078
6083
6713
6708
6098
6698
6148
6113
6693
6123
6128
6133
6138
6143
6648
6643
6638
6398
6363
6613
6373
6378
6383
6608
6603
6583
6633
6578
6558
6418
6423
6543
6538
6533
6358
6353
6348
6343
6628
6623
6618
6283
6288
6293
6298
6303
6308
6313
6318
6323
6328
6333
6338
6063
6053
6048
6798
5768
5773
5778
5783
5788
5793
5798
6793
6748
6788
6783
6778
6773
6768
6763
6758
5763
5758
5753
5748
6833
6828
6823
6818
6813
6808
6803
5708
5713
5718
5723
5728
5733
5738
5743
6753
6743
6718
5998
5963
5968
5973
5978
5983
5988
5993
6003
6738
6008
6013
6018
6023
6028
6033
6038
5958
5953
5948
5943
6733
6728
6723
5883
5888
5893
5898
5903
5908
5913
5918
5923
5928
5933
5938
7403
7408
7413
3768
3733
3738
3743
3748
3753
3758
3763
3773
3723
3778
3783
3788
3793
3798
3803
3808
3728
8023
4013
8543
3583
3588
3593
8553
3613
3618
3623
8538
8028
3638
8523
8463
8303
8063
8038
8033
3813
8018
3823
3963
7943
7938
7933
7928
7923
7918
7913
3968
3828
3973
3978
3983
3988
3993
3998
4003
7948
7953
7958
7963
3833
8013
8008
8003
3853
3858
3863
7998
7993
3878
7988
7983
7978
7973
7968
3573
3568
3563
8848
8883
8878
8873
8868
8863
8858
8853
8843
3343
8758
8713
8698
8683
3323
3328
3333
8888
8893
3238
3233
3153
3158
3163
3168
3173
3178
3183
3188
3193
3198
3203
3208
3213
3218
3228
3338
3348
8598
8643
3453
3458
3463
8658
8653
3478
8648
8638
3353
8633
8628
8623
8618
8613
8608
8603
8663
8668
8673
3433
3358
3363
3368
3373
3378
3383
3388
3393
3398
3403
3408
3413
8678
3423
3428
4008
4018
7418
7558
7593
7588
7583
7578
7573
7568
7563
7553
7603
7548
7543
7538
7533
4618
4623
7528
7598
7608
4023
7653
4448
7668
4458
4463
7663
7658
4478
4488
7613
7648
7643
7638
7633
7628
7623
7618
7523
4638
7518
4783
4748
4753
4758
7478
7473
7468
7463
7458
7513
7453
7448
7443
7438
7433
7428
7423
4743
4738
4733
4728
7508
7503
7498
7493
7488
7483
4683
4688
4693
4698
4703
4708
4713
4718
4723
4443
7673
7678
4188
7908
7903
4143
7898
7893
7888
7883
7878
7848
7873
7868
7863
7858
4218
4223
4228
4118
4113
4108
4103
4028
4033
4038
4043
4048
4053
4058
4063
4068
4073
4078
4083
4088
4093
4098
7853
4243
7683
4383
7758
7753
7748
7743
7738
7733
7728
7723
4248
7718
7713
7708
7703
7698
7693
7688
7763
7768
7773
7778
4253
7843
7838
7833
7828
7823
7818
7813
7808
7803
4303
7798
7793
7788
7783
10598
24
9
104
264
344
3714
3634
4314
14
4344
174
3709
64
49
754
3629
4359
144
4
19
114
3689
4354
59
224
129
4334
749
4339
3609
4294
2414
3474
304
214
184
3874
329
3684
4554
4289
729
4584
169
3604
69
249
3469
2014
3869
5854
1354
4234
4349
4284
4324
4599
2024
8814
4319
4264
1384
6254
724
1789
3949
1779
3449
1784
4984
2389
4954
8189
3934
1394
2434
5604
1794
4654
8789
3849
3679
2334
4994
4974
2424
8734
3954
6229
4579
2404
8174
4594
4534
1129
1399
8819
3599
2099
4279
2109
4309
4259
8709
8184
2004
3444
209
1379
8159
5829
4529
4664
8149
6269
2429
8739
8809
2409
4644
4999
3844
5614
4524
6574
2039
5599
4559
494
164
5859
3314
4934
4209
1989
2114
514
3889
5624
1389
8729
4394
1049
4424
5864
719
8124
6549
1774
5609
1329
8129
4214
259
8134
4299
1334
8169
5569
4274
189
5809
1949
6209
5869
4989
2394
159
1799
5849
1939
154
2104
4629
8089
4979
8154
1729
4929
134
6589
1084
4924
1754
2349
8824
4329
8829
2734
8079
5589
8199
2029
4814
2399
204
4834
2009
4574
5844
2049
4964
269
994
1324
504
8509
2034
2439
3944
4439
3309
2419
4204
8744
1134
8769
3909
8194
3439
2654
2354
8164
5814
8104
8774
4829
1769
1144
1954
6529
2369
1004
8349
5524
8044
1369
8139
3839
8114
8179
8749
509
6414
2379
5839
4434
4959
54
2709
3914
4679
1359
4669
3929
8694
2174
1944
99
5214
89
2574
2074
1864
1149
5234
1159
5544
8689
6389
1889
8449
1054
8054
3899
4419
109
2664
6494
8069
3289
8109
4564
2019
4374
8059
1064
2364
2094
6274
8834
4649
4779
2119
4269
914
8414
1914
4239
6429
6249
3939
3959
3054
2324
1289
5074
3919
889
5694
5564
5594
4399
8754
1069
3894
5229
5509
2374
5054
4369
4769
4939
5519
8084
1079
4589
1994
3924
6594
8289
5529
904
4494
1874
5619
3284
2089
1364
8094
909
8799
6369
4364
5639
4414
1969
4484
5224
984
6259
3694
4504
1834
4824
1964
2309
6469
989
1749
4944
44
2319
5574
2344
469
3304
8144
2339
3294
4674
4659
4804
519
2189
5669
8429
8119
3014
5464
2329
459
4799
2084
1974
2699
289
2629
1879
5169
8804
2714
1959
6509
3274
2589
8719
2724
1244
4549
3069
844
5439
744
2644
3659
2194
5434
139
3279
1739
5069
5404
3884
5534
5649
2294
3029
5494
5179
2744
5489
6244
6569
2594
6214
6234
1764
9054
1374
124
2649
8389
4949
4469
5194
5819
8399
5684
5634
3254
1849
4614
234
4794
294
2754
734
4819
1294
8369
894
939
5219
2674
4569
3039
8409
5204
3319
8374
8099
6449
1304
2729
6434
8319
3024
4894
8784
6264
8724
6554
759
5199
5874
4774
8419
4509
4539
4604
4404
6489
8424
5294
499
814
2679
454
5804
3579
299
5019
1999
5474
8384
8329
29
1934
8469
1309
6499
8284
4969
5414
1319
3299
3494
919
3249
5824
8344
5459
2669
5239
2059
2719
5479
1724
5064
3044
2179
8354
8254
489
5449
5689
2579
8439
5559
2659
2044
4514
6279
5629
484
5009
5704
6564
2639
809
3049
2624
3074
5484
4389
5579
2289
5539
974
4174
8309
5044
4379
684
5264
5679
859
8394
6409
1929
5419
2159
5279
8494
3064
9059
4429
8364
5429
2684
3059
3509
8704
5164
2559
699
3244
8299
6239
8229
9029
199
1979
4409
8404
5834
3719
804
5409
3654
3549
2894
5174
6454
6394
6514
1734
3519
1924
4519
5444
3004
1349
5469
3269
8224
9049
6504
5654
6219
5879
934
9064
3534
8294
2619
244
8324
4839
6089
5014
5304
834
5034
4884
8269
8459
6484
2284
2739
3419
5039
4194
5189
2634
3034
4854
3529
5254
5314
1099
5289
6404
9014
3819
8379
3554
4634
6599
5004
1984
709
5059
969
9009
8504
2359
4499
964
3259
8484
2609
2914
5029
3539
2694
854
474
949
5644
2614
9069
4764
4134
8234
2904
3559
4609
5269
4809
979
2514
3079
6044
739
444
3674
714
2889
5309
999
779
4914
5674
819
5209
2884
5249
764
2314
6519
3664
4904
8474
3649
9044
3484
449
3009
2869
704
829
2604
8249
4889
5284
4169
4199
1899
3669
1884
2504
309
8244
2489
3489
1019
4454
4139
6094
1759
464
3524
8209
2919
6104
4859
8454
4909
2299
8479
1654
8334
6474
4164
8339
8514
8549
6439
1339
4919
8574
9039
4869
5319
6479
6109
3699
4159
8489
8779
8444
1699
2549
8359
8434
5184
414
6119
8264
4879
794
8579
8259
4474
319
3904
434
769
5584
8839
8794
8499
5274
3644
8569
8949
924
3704
4864
8214
419
6204
8974
1259
899
6459
1649
2689
8219
8279
1714
2054
1679
9074
839
8979
409
8584
5259
1804
9024
6464
2844
1689
8534
9034
2909
404
2554
1684
2854
8764
1659
1704
1744
694
9019
5299
4899
1154
8969
2564
1644
3264
8274
1094
4849
2254
2229
2899
2249
8519
2539
4129
8984
6444
429
8204
8934
4184
1119
8529
8594
8589
3504
5244
2519
1674
2474
4874
4789
1124
4149
4544
2069
439
2244
5699
4124
79
9079
394
1669
379
8049
3019
4179
3544
4154
1344
364
2584
8994
8929
2079
8989
929
9004
2524
1139
2444
2214
1089
689
8239
2274
8559
2259
2849
8074
2269
8314
954
1114
2264
6059
369
479
8959
8564
2874
4844
8964
2209
3514
2239
3499
1109
2534
9489
9494
9484
9479
9504
9509
9519
9499
9514
6524
2124
2129
9449
2279
2234
2224
2219
2204
2199
9524
9454
9459
2184
9464
9469
2169
2164
9474
2154
2149
2144
2139
2134
2064
9599
9529
1869
9724
9719
9714
9709
1809
1814
1819
1824
1829
9704
1839
1844
9699
1854
1859
9729
9734
9739
9784
9804
9799
1709
9794
1719
9789
9779
9744
9774
9769
9764
9759
9754
9749
9694
9689
9534
9684
9609
9604
9439
9594
9589
9584
9579
9574
9569
9564
9559
9554
9549
9544
9539
9614
9619
9624
9664
9679
9674
1894
9669
1904
1909
1919
9629
9659
9654
9649
9644
9639
9634
9444
9324
9434
8999
2804
2809
2814
2819
2824
2829
2834
2839
9104
9099
2859
2864
9094
2879
9089
2799
2794
2789
9114
9144
9139
9134
9129
9124
9119
2749
2784
9109
2759
2764
2769
2774
2779
9084
2924
2304
2929
8919
8914
8909
8904
8899
3084
3089
3094
3099
3104
3109
3114
3119
3124
3129
8924
8939
8944
2964
2934
2939
2944
2949
2954
2959
2969
8954
2974
2979
2984
2989
2994
2999
9149
2704
9154
9159
9344
9339
9334
9329
9809
9319
9314
9309
9304
2449
2454
2459
2464
2469
2479
9349
9354
2384
9399
9429
9424
9419
9414
9409
9404
9394
9359
9389
9384
9379
9374
9369
9364
2484
9299
2494
9199
9229
9224
9219
9214
9209
9204
9194
9239
9189
9184
9179
9174
9169
9164
9234
9244
2499
9279
9294
2509
9289
2529
2544
9284
9274
9249
2569
9269
9264
9259
9254
2599
1694
1614
9814
579
544
549
554
559
564
569
574
584
534
589
594
599
604
609
614
619
539
529
10339
10299
10334
10329
10324
10319
10314
10309
10304
10294
524
10289
10284
10279
10274
10269
10264
10259
624
629
634
10169
10199
10194
10189
10184
10179
10174
774
784
639
789
10164
799
10159
10154
10149
10144
10204
10209
10214
10219
644
649
654
659
664
669
674
679
10254
10249
10244
10239
10234
10229
10224
424
10344
9819
149
10514
119
10509
10504
10499
10494
10489
10484
10524
10479
10474
10469
10464
179
10459
10454
10519
10529
10349
10564
10589
10584
10579
10574
10569
34
39
10559
94
10554
10549
10544
10539
74
84
10534
194
10449
10444
10359
10374
314
10369
324
10364
334
339
349
10439
354
359
374
384
389
399
10354
10379
10384
10389
10394
10434
219
10429
229
10424
239
10419
10414
254
10409
10404
10399
274
279
284
824
10139
10134
1424
9849
9844
9839
1404
1409
1414
1419
1429
9859
1434
1439
1444
1449
1454
1459
1464
9854
9864
10129
9914
1284
9934
9929
1299
9924
9919
1314
9909
9869
9904
9899
9894
9889
9884
9879
9874
1469
1474
1479
1619
1584
1589
1594
1599
1604
1609
3139
1624
1484
1629
1634
1639
9834
9829
9824
1664
1579
1574
1569
1564
1489
1494
1499
1504
1509
1514
1519
1524
1529
1534
1539
1544
1549
1554
1559
1279
1274
1269
10034
944
10059
959
10054
10049
10044
10039
10029
1034
10024
10019
10014
1009
1014
10009
1024
10064
10069
10074
10079
10124
849
10119
10114
864
869
874
879
884
10109
10104
10099
10094
10089
10084
1029
1039
1264
1219
1184
1189
1194
1199
1204
1209
1214
1224
1044
1229
1234
1239
9944
1249
1254
9939
1179
1174
1169
1164
10004
9999
1059
9994
9989
1074
9984
9979
9974
1104
9969
9964
9959
9954
9949
3134
3224
3144
7049
5374
5379
5384
5389
5394
5399
7054
7044
5364
7039
5424
7034
7029
7024
7019
7014
5369
5359
7109
7069
7099
7094
7089
7084
7079
10594
7074
7064
5354
7059
5324
5329
5334
5339
5344
5349
5454
7009
7004
6889
6924
6919
6914
6909
6904
6899
6894
6884
6999
6879
6874
6869
6864
6859
6854
6849
6929
6934
5554
5549
6994
6989
6984
6979
6974
5499
5504
6969
5514
6964
6959
6954
6949
6944
6939
7104
7114
3149
7264
7299
7294
7289
7284
7279
7274
7269
7259
7309
7254
5024
7249
7244
7239
7234
5049
7304
7314
7119
7364
7399
7394
7389
7384
7379
7374
7369
7359
7319
7354
7349
7344
7339
7334
7329
7324
7229
7224
7219
7164
7199
7194
7189
7184
7179
7174
7169
7159
7214
7154
7149
7144
7139
7134
7129
7124
7204
5159
5154
5149
7209
5079
5084
5089
5094
5099
5104
5109
5114
5119
5124
5129
5134
5139
5144
6844
6839
5659
6689
6169
6174
6179
6184
6189
6194
6199
6684
6159
6679
6674
6224
6669
6664
6659
6654
6164
6154
5664
6704
6069
6074
6079
6084
6714
6709
6099
6699
6149
6114
6694
6124
6129
6134
6139
6144
6649
6644
6639
6399
6364
6614
6374
6379
6384
6609
6604
6584
6634
6579
6559
6419
6424
6544
6539
6534
6359
6354
6349
6344
6629
6624
6619
6284
6289
6294
6299
6304
6309
6314
6319
6324
6329
6334
6339
6064
6054
6049
6799
5769
5774
5779
5784
5789
5794
5799
6794
6749
6789
6784
6779
6774
6769
6764
6759
5764
5759
5754
5749
6834
6829
6824
6819
6814
6809
6804
5709
5714
5719
5724
5729
5734
5739
5744
6754
6744
6719
5999
5964
5969
5974
5979
5984
5989
5994
6004
6739
6009
6014
6019
6024
6029
6034
6039
5959
5954
5949
5944
6734
6729
6724
5884
5889
5894
5899
5904
5909
5914
5919
5924
5929
5934
5939
7404
7409
7414
3769
3734
3739
3744
3749
3754
3759
3764
3774
3724
3779
3784
3789
3794
3799
3804
3809
3729
8024
4014
8544
3584
3589
3594
8554
3614
3619
3624
8539
8029
3639
8524
8464
8304
8064
8039
8034
3814
8019
3824
3964
7944
7939
7934
7929
7924
7919
7914
3969
3829
3974
3979
3984
3989
3994
3999
4004
7949
7954
7959
7964
3834
8014
8009
8004
3854
3859
3864
7999
7994
3879
7989
7984
7979
7974
7969
3574
3569
3564
8849
8884
8879
8874
8869
8864
8859
8854
8844
3344
8759
8714
8699
8684
3324
3329
3334
8889
8894
3239
3234
3154
3159
3164
3169
3174
3179
3184
3189
3194
3199
3204
3209
3214
3219
3229
3339
3349
8599
8644
3454
3459
3464
8659
8654
3479
8649
8639
3354
8634
8629
8624
8619
8614
8609
8604
8664
8669
8674
3434
3359
3364
3369
3374
3379
3384
3389
3394
3399
3404
3409
3414
8679
3424
3429
4009
4019
7419
7559
7594
7589
7584
7579
7574
7569
7564
7554
7604
7549
7544
7539
7534
4619
4624
7529
7599
7609
4024
7654
4449
7669
4459
4464
7664
7659
4479
4489
7614
7649
7644
7639
7634
7629
7624
7619
7524
4639
7519
4784
4749
4754
4759
7479
7474
7469
7464
7459
7514
7454
7449
7444
7439
7434
7429
7424
4744
4739
4734
4729
7509
7504
7499
7494
7489
7484
4684
4689
4694
4699
4704
4709
4714
4719
4724
4444
7674
7679
4189
7909
7904
4144
7899
7894
7889
7884
7879
7849
7874
7869
7864
7859
4219
4224
4229
4119
4114
4109
4104
4029
4034
4039
4044
4049
4054
4059
4064
4069
4074
4079
4084
4089
4094
4099
7854
4244
7684
4384
7759
7754
7749
7744
7739
7734
7729
7724
4249
7719
7714
7709
7704
7699
7694
7689
7764
7769
7774
7779
4254
7844
7839
7834
7829
7824
7819
7814
7809
7804
4304
7799
7794
7789
7784
10599
