Hessian ranking (max sum eigenvector components) for model (param idx, rank)
1, 20.11293411980226
742, 13.0266757151097
34, 12.90248379708839
741, 10.736043015942718
3, 10.537578729161769
11, 10.28297123935758
22, 10.054558123751558
9, 9.695599027070088
0, 8.681436797341746
68, 8.613119340785172
870, 6.680308632634362
149, -6.382988699758828
25, 6.20215978020027
737, 6.093729194750805
866, 5.647668775170113
482, 4.892109736444459
36, 4.435054772557812
33, 4.31708812798266
13, 4.244705788038823
789, -4.1653167551256765
44, 4.075257717011503
869, 3.9338437221879334
60, 3.3428894250217853
726, -3.1496077226874837
858, 3.000557277634158
868, 2.5033053928987163
1762, 2.423950016422824
994, 2.36883286636532
1250, 2.3412164714199455
864, 2.328860696419235
1634, 2.2168677900711833
30, 2.1338066453639266
919, 2.0977502593507893
357, 2.08546662580425
276, 2.0598049440239006
1253, 2.0485590494965713
1637, 1.915554707680157
277, -1.8360921265619443
4, 1.7741753468833394
1173, -1.7723368584605161
910, 1.7110021544743272
225, 1.6941288686595415
31, 1.6619861873780402
480, 1.660058718158643
852, 1.650669972751826
1122, 1.6094132741607856
998, 1.5983202460663692
720, 1.5752828457213435
1761, 1.5692540315525778
1121, 1.5458740100675925
372, 1.4937915710867635
887, 1.4842787039756744
389, -1.4690516823840376
997, 1.4607739340681767
358, 1.4462682068855495
52, 1.4247479371143972
911, -1.42113358147134
279, -1.3959342771100858
405, -1.3912340780205987
996, -1.3886993322135517
990, -1.3807984699312
477, -1.380553120641107
661, -1.3678030458809431
354, 1.3622232847913252
932, 1.3596757409742626
404, 1.3447950658358945
20, 1.337194849848946
878, 1.3116321632573005
1765, 1.2453484736964155
906, -1.2182956749083775
275, 1.2070121142729469
1615, 1.202302383720894
485, 1.198472056382426
12, 1.1793669401390288
387, 1.171841042374477
1757, 1.1183406675639094
847, 1.1168770201491707
863, -1.0864786276230434
421, -1.0746318401564583
420, -1.073667087277952
873, 1.0685248440565833
407, 1.0667379515874265
1633, 1.0584547891048608
102, 1.023030249992762
861, -1.011989469241573
905, 1.000212821437091
478, -0.9893046755803032
1629, 0.9115530089297874
1045, -0.9103186612487772
862, -0.8537608522759679
917, -0.8417187787128073
774, 0.8311977991235502
419, -0.8306198802275699
1273, 0.823360347912262
1120, -0.8232430974729397
851, 0.8152137728253298
915, 0.8091646533230226
736, -0.7898651671164427
925, 0.7865217048957216
846, 0.7714628709546061
2, -0.7639339333277922
355, 0.7611644414638505
51, 0.7350165871393373
1171, -0.7252531353550414
209, -0.7163801123523883
1245, 0.7109432271481471
999, 0.7086091066593261
928, -0.6991173440846028
486, 0.6709764824362936
1117, 0.6686175335403555
1636, 0.6679163568586244
857, 0.6675893461023232
735, 0.6489807949874823
1627, 0.6469128130023838
859, -0.6430341155370665
992, 0.6393199719975469
422, -0.6354124047101428
1617, -0.6249220886025462
840, -0.6225417987824317
1113, 0.6210966776819788
986, 0.6184781381872764
883, -0.6136621266112865
1746, -0.6044349704942589
1249, 0.5995335864430009
414, 0.591240659486745
1621, -0.5904523487954595
1685, -0.5821932834849017
28, 0.5821132382753738
356, -0.5631036160306921
1301, -0.5582492172297929
474, 0.5513773084852632
409, 0.5459691676942959
469, -0.5444952734847044
1631, 0.537551960529159
229, 0.5338758296103294
688, -0.5231855664923895
867, -0.49862484388982387
988, 0.4804715767194523
985, -0.4768150306696324
935, 0.4736412849378898
216, 0.46894068437405645
871, -0.4642203665964334
366, 0.43687238048906696
1108, 0.43090959899602155
1628, 0.42505528836309425
437, -0.4240875441708385
150, -0.40854891572776986
991, -0.4011193411796664
42, -0.4004800781663373
1632, -0.39825072887234914
787, -0.39127799764718113
879, -0.3901669887608904
719, -0.3895340387317636
375, 0.38944973654867227
101, 0.3880985096121776
874, -0.3842971192585103
198, -0.3816755758603416
790, 0.3783098824462021
1103, -0.3774524851897523
196, 0.3640706076708602
1172, -0.3609606913483763
182, 0.36007080442465633
32, -0.35390628960528503
1753, 0.35082436783792237
374, -0.34622281585863485
213, -0.3452675754467016
265, -0.3407500085632237
475, -0.3360472214580936
270, 0.33045215036886333
143, -0.3274453472953978
1764, 0.32564988683134644
212, 0.3189883479966891
933, -0.3173264324317152
953, 0.31333970050922577
955, 0.31308819166948004
660, -0.3106745718872318
19, 0.30572991897831314
694, -0.30379644028741093
1086, 0.30181369683857495
473, 0.2980602231254311
1701, 0.29677549173393697
466, -0.29554756088965545
1656, -0.290956191272817
231, 0.28926390768271315
257, 0.2888100569275213
1624, 0.28252259274870073
604, 0.2800706632258056
721, -0.2800309305801988
1620, 0.2790475187265169
1124, 0.2778826702282436
1610, 0.27385816236000926
397, 0.273704195837482
359, -0.273538413029099
457, 0.2711062616949347
271, 0.2697050783704168
390, -0.2693729251364849
687, 0.2679705373871873
768, -0.26698209111755355
93, -0.263601428969664
654, 0.2573334691573062
966, 0.25694679467432646
1668, 0.2555920050358944
423, 0.25432713485605274
1763, 0.2536315891886844
65, 0.2531088414384408
1305, -0.2526528208043479
1756, 0.25205120623327737
1689, 0.25183864712501447
856, 0.2499242365934961
777, 0.24923599992113088
1055, 0.24606859520052726
1623, 0.2387427275821682
27, 0.23746288296141424
1169, 0.2354832220063104
1639, 0.2321790680052646
900, -0.23202253295179603
533, -0.2317836364670256
1091, 0.22696682804486223
97, 0.22384084026151202
788, 0.22155489892671823
349, -0.22018153510660715
517, 0.21638675740735114
613, 0.21633680674910505
842, -0.21615414359368823
406, -0.2160106838833521
1241, 0.21404640800450514
103, 0.2091030720606568
782, -0.2082936531723649
479, -0.20780792921670788
855, -0.20745806992783408
1750, 0.2062072041523853
1657, 0.2058340476808928
49, 0.20555967447309562
183, 0.2054232657809538
145, -0.2052575914305176
609, 0.20501321320617638
215, 0.2030280349777757
377, 0.20061947683839332
1135, -0.19964552882480802
546, -0.19961676319537147
693, 0.19854907186261445
602, 0.19524105949992576
884, -0.19488802764440458
1738, 0.19220497273883383
1669, -0.19111817214353566
394, 0.19077197675048854
1170, 0.18480034641516263
483, 0.18388633441358135
401, 0.1831084275152406
514, 0.18148076862493884
46, 0.1797455390601714
776, 0.17765569113757362
278, 0.17695081489864073
484, -0.17427881376709495
1047, -0.17368604533924925
168, 0.1736224048813234
543, 0.17292635994236774
100, -0.1727559644732622
689, 0.17102270075723033
352, 0.16980310892405617
402, -0.16679586145120273
148, -0.16576925160030165
1129, 0.1641829771086749
144, -0.16377121250713034
918, 0.16339918513339247
171, 0.16169599584124417
1748, 0.1600041904945575
197, -0.15882975574353814
472, 0.1559147099365279
181, -0.15574905947097265
1140, 0.15563600605303696
1038, -0.15274875486392223
614, 0.1519274898119688
261, -0.15188584182745468
228, -0.15099563581261677
1107, 0.1508052594990117
963, -0.14951323512566755
920, -0.14854801288617445
987, -0.14768680082713043
958, 0.146266506512579
655, 0.14478917154517112
403, -0.14401236696132352
930, -0.14187483902084944
1097, -0.1417730145506575
1162, 0.1410806220691121
541, 0.14046533526678784
959, 0.1387556966708146
1754, -0.13759091357661646
1278, 0.13757740259732693
470, -0.13645617323405357
1118, -0.13466307495945146
769, -0.13327158648566323
532, 0.13167506349379668
896, 0.13113862633703896
463, 0.1310128394496099
1112, 0.13019177469235974
1114, -0.12998992996263536
1125, 0.12812526488397522
964, -0.12681677121727214
1619, 0.12658156678114157
1289, 0.12617145974788876
1744, 0.12606295062834783
382, 0.12598790764703716
1678, -0.12589615672129828
1119, 0.1255502605028499
500, 0.12492085870894759
703, -0.12454315621984485
1310, -0.12408599913742689
37, 0.1235515072430238
210, 0.12244550905854015
465, 0.12237399048398759
778, -0.12226350401093204
346, 0.12197523486070116
786, -0.12166553088129073
1611, 0.12130096463819395
1095, 0.121148777241495
854, 0.11965476286741661
783, 0.11773410327973854
400, 0.11735008334260405
59, 0.11601904146732095
399, -0.11578981024304927
1683, -0.11529683886493308
1242, -0.1150596452366709
468, -0.11447268602498414
1665, 0.11394409856011734
41, 0.11391603090608271
266, 0.11381292315338509
912, 0.11373278912007403
1033, -0.11344377891569238
369, 0.1127304945755083
989, -0.1119991839504452
515, -0.11078422899298887
904, -0.11018011794754876
649, 0.10829583305150492
1165, 0.1076566418281864
1670, -0.10765177049031022
1081, -0.10745288873922543
659, 0.1069074067865679
481, 0.10664287015578895
1160, -0.10549708248091827
418, -0.10457122010741782
527, 0.10302341234030114
791, -0.10292654042180864
1658, 0.10212464472996964
1138, -0.1012667362082538
1760, 0.10072591670438051
934, 0.10009179687722375
26, 0.09991991673905727
1630, 0.0996282680732373
1014, 0.09919460321669565
1813, -0.09857070726307371
995, 0.09774430958394424
1747, -0.0974064613632975
393, -0.09658779518645175
347, -0.09639493038623553
434, -0.0951382050297975
96, -0.0951076760018762
709, -0.09456299766117635
90, 0.0944671582999532
152, 0.09377911768773195
535, 0.09365389883545942
1626, -0.09304635748716664
461, -0.09255045676793675
1314, -0.09243893010481832
98, 0.09042637695776484
872, 0.09032008173892248
1309, -0.08961932345772461
984, -0.08946646706391043
701, 0.08885827010262892
1811, 0.08862774687142227
263, -0.08840223039883907
1687, -0.08839125292456843
898, 0.08775129204783552
1317, 0.08684737215641945
260, -0.08672506605158953
1248, 0.0854615175961271
1679, -0.08521710959649265
350, 0.0850986382852546
376, -0.08499999147968873
1741, 0.08452801243618543
40, -0.08444264801423278
662, -0.084323793419014
264, 0.08279537611348747
411, 0.08189126522703094
187, -0.08057235880573366
1673, -0.08038048320912705
784, 0.0797841581415421
258, -0.0781922709940671
1133, -0.0766412212488769
417, 0.07634128594593514
487, 0.07625852219051177
899, 0.07491813130484887
273, 0.07430644538191086
139, 0.07407228473981985
180, -0.0740580746672315
1168, -0.07369028638707453
1277, 0.07350556447502662
1243, 0.07239737514689791
1625, 0.07219868186111533
1251, -0.07112105435204817
885, -0.07082146228916969
1161, -0.07005315185068317
732, 0.0698766921569705
1667, -0.0676944332205871
151, 0.06729131644975313
865, -0.06599738378898315
1134, 0.06565795172460118
1126, -0.06503176842684558
1618, -0.06496506969333937
1080, -0.06349875836374569
1175, -0.06313782341673878
1104, -0.0627266298866222
416, -0.06264284729626257
525, 0.06222957327893946
960, -0.062132729240944595
1002, -0.06186888022738701
542, 0.0618160538955726
456, -0.06131671605941183
612, -0.061255727625762105
893, 0.060979390244707235
53, -0.060520381361023966
408, -0.06025070201445992
1638, -0.060190829640621724
92, 0.06014261671692263
530, 0.05959357913913768
1641, -0.059456046747710135
909, -0.05912461448993828
1006, -0.05879122997734945
536, 0.05865824718458655
529, -0.05771617019905978
353, 0.05711394463801456
548, -0.05698833997437869
1635, -0.05678448044802415
611, 0.05534658435388515
1012, -0.05495579899582171
962, -0.05471054939898738
781, 0.05469486648055866
344, 0.054259611770198765
767, -0.05344674236889391
1801, -0.053140694594129206
743, 0.05297069091489325
226, 0.05287635891532737
886, 0.0524338539360526
1622, 0.05238350524851078
345, -0.05213503225697276
379, -0.051603012663235456
1034, -0.051548373152922315
697, 0.051201561966466
1293, -0.051188939286818294
1745, 0.05106194846292031
1312, 0.05102501451412072
967, -0.050909247556170045
388, -0.050569081712161235
1167, 0.050396904789316826
1087, -0.05013800214246236
10, 0.04977978350842738
901, 0.049674192585986
1044, -0.048308021870254736
1060, -0.048173239571084985
1163, -0.047931851884962115
1646, -0.04750209959055285
177, -0.04710199693709072
518, 0.04658672663594565
730, 0.04649689698641722
1130, 0.045964648072919334
178, -0.04579076094572381
1082, -0.045712268727994415
163, -0.04533457386032283
17, 0.04532081666671406
1700, -0.045132573054355474
607, 0.04506879247289167
537, -0.04450572886828427
1737, 0.044272017597481436
545, 0.04408243711162343
1684, 0.04382794633035991
1208, -0.04357047072230036
978, -0.04322630850526901
1755, 0.043176302155180965
1042, 0.04284826296707079
1286, -0.04262514774305226
1298, 0.04204710123921647
1280, 0.04204497231936448
921, 0.0419112269068887
1166, 0.041817886250739095
1037, -0.04181262747605904
1252, 0.041788359634905126
1695, 0.041424013440299716
521, -0.041103052666905046
1046, 0.04101433615910137
464, 0.04091229893716769
1664, 0.04088063517595586
907, 0.04064134133502323
841, -0.04046346312154486
1254, -0.040456440218476664
395, -0.040305283290173466
398, 0.040188914631678035
583, 0.03975325077729358
779, -0.039631676531553583
980, -0.0392050787841021
1303, 0.03906090254274919
1164, -0.03864897085503577
99, 0.0385937251286591
1693, 0.037906274533030804
1101, 0.03771571432505379
615, 0.03768351765924405
839, 0.037594277199178516
1613, -0.037364846359202536
1116, 0.03703019415083834
351, -0.03652880355714272
1221, -0.03647558676960729
1174, 0.03633011195033137
1663, -0.03595588119906346
1007, 0.035722936980127906
21, 0.035587758793883456
462, -0.03503878297029649
1127, 0.034989731267637214
725, -0.0349307537607542
1766, -0.03446362196410195
657, -0.034410454043608145
916, 0.03436101672903352
610, -0.03421516576711031
715, -0.03418518260020051
1011, 0.03411271999672175
648, 0.03371086971369789
384, 0.03349744392976979
1096, 0.03347872699082925
184, -0.03323574878294269
272, -0.03301106779491153
538, 0.03296203870138026
1290, -0.03276490218320001
1682, -0.03222692182671511
534, 0.032204870954292315
1010, -0.03219572949324068
531, 0.03176618257727312
1644, 0.031682702095299414
195, -0.03157376125580702
166, -0.03155171372400202
1053, 0.03124988497591405
1217, -0.030805380961436618
929, -0.030484907017413285
142, -0.030337566449081275
952, 0.03006955933400321
606, -0.03005581878427327
165, -0.03000439907147049
1105, 0.02976634964475762
396, -0.02925026652562318
1749, -0.029220941207254613
773, 0.029115763863065563
1000, -0.028793491184427894
329, 0.02879235333996717
1690, 0.028750811544946304
392, -0.028511499889493676
431, 0.02840303007950462
385, -0.028340532892742423
881, 0.0282405249762141
890, 0.028221523119960512
502, -0.02804249067564795
1318, 0.02754945200695574
1123, -0.027367790175537657
973, 0.027319740955131712
1715, -0.027274046853509638
605, -0.027238847239921694
1319, 0.02677822862516699
882, -0.02670484388593377
1036, 0.02654946612758259
199, 0.02654504922616871
200, -0.02638974287515506
738, -0.026327402362731414
219, 0.026284537083188328
832, 0.02591931840606851
8, 0.025821492789445597
663, 0.025666063752461638
161, -0.025652635807075164
192, 0.02562802766690992
1128, -0.02519713854815773
348, 0.02511980682550618
1085, 0.02507919397247981
1759, 0.024663124599802355
658, 0.024514511590004208
922, 0.024483960343213207
471, -0.024040653739522723
1810, 0.02308604737612524
601, 0.023024925974001874
1285, -0.023006411031208752
24, 0.022989879548677268
1092, 0.022936275244759847
1001, -0.022756521557784404
1247, 0.022708661517912843
57, 0.02265759880759645
931, -0.02251947294656695
578, -0.02240526742960539
1098, 0.022358393095865063
58, 0.02232782104039393
580, 0.022222805408527918
926, 0.021904198840400922
1688, -0.021829339620077173
160, 0.021822649407126915
1616, -0.021795089986811192
509, -0.021667801742636106
467, 0.02161127916681961
269, -0.0215019108428953
914, 0.02141002360019682
1282, -0.020886447603926703
1300, 0.02088422803187646
1740, 0.020831642986923526
458, -0.02067339226030941
539, 0.02065492735042857
983, 0.020643728431848272
600, -0.02058356890101163
1805, -0.020448686641492433
1223, 0.020400817861548314
853, -0.020221337547798958
91, 0.0202128275955885
979, -0.020115279823911245
1671, 0.02003375476860325
1717, -0.019929564439075752
711, -0.019906246184599942
706, 0.019749348073970528
731, -0.019633314016705653
230, 0.019101269084066202
728, 0.01908581504547545
1297, -0.019018705690516037
544, -0.01891094268018015
965, 0.018899847710599195
696, -0.01885192033873286
1691, 0.018811749346822407
1061, -0.018687097160717727
274, 0.01863752544347449
1240, 0.018478852122472134
1743, -0.017961723076037224
1043, 0.01795565001856221
1609, 0.017839235911757737
573, 0.017673142295646746
1035, 0.01765597633883422
1050, 0.017487835789566003
1136, -0.017330946964417733
78, 0.017204550800243495
146, 0.017108152462951304
503, 0.01697435175518147
1677, 0.0169329204240554
1106, -0.016921159217895415
827, 0.016920416548413912
1054, 0.01689979206960668
248, 0.01671449495245228
339, 0.016702150402238727
1797, -0.016689609050469126
167, 0.016607815279471062
970, 0.01653014907362166
550, -0.01632188403254083
1246, 0.016114406946146256
1681, 0.015942127279280488
1675, 0.015897760942728753
1674, 0.015834750505162896
340, -0.015730931153514094
1642, 0.015723803727694843
650, -0.015505275796998369
975, -0.01546067552690998
582, -0.015203354610199948
1709, 0.015179294395354426
763, 0.015129254995483513
1705, 0.015009036813676598
1094, -0.014944651610773237
710, 0.014893020318831765
494, -0.014838454735758705
785, -0.014813183497957027
1057, 0.014725908317041271
497, 0.01460620789661414
1139, -0.014503424467248047
1040, 0.014471908212797684
830, 0.0144567164175195
153, -0.014261486846628216
335, -0.014244752062607183
993, -0.014000642139693004
1299, -0.01399229147985484
267, -0.01392634314210926
1702, 0.013731170950817977
189, -0.013622960900698039
656, -0.013520994026395602
328, 0.013445724605198649
1063, 0.013286523511476078
1313, -0.01314176005312496
739, 0.013102556916068202
880, -0.013045371654487986
1294, 0.01302774758343769
386, 0.0130247014632906
5, 0.01299736808673159
342, 0.012862822535760708
360, 0.012762639711522005
1650, -0.012460523373114516
954, -0.012458579918588265
1608, -0.012437949710855874
526, -0.012403437164156431
1003, -0.012193402271253649
331, 0.012188865130026469
608, -0.012184914516443664
1652, 0.012134678609625402
1137, 0.012107551447139195
1807, 0.012067639909449333
170, 0.011969899720344117
1058, -0.01178824408578911
1089, 0.011778818858928619
1694, 0.011731910208775963
162, 0.011721891147468314
734, -0.011646465249735257
961, 0.011580790384399523
1288, -0.011555493597673733
969, 0.011546486859968197
1041, 0.01148797545802565
902, 0.011463420529936966
877, 0.011103614473770625
1649, 0.0110866941436015
833, -0.0108873878657273
698, -0.010836513705974653
1648, 0.010720589910635347
1808, -0.010707355811607552
569, 0.010684831810472466
740, -0.01057523745902067
147, -0.01029558813680776
1703, -0.010279716349898355
836, -0.010250523845914367
1672, 0.010216473910121468
1052, -0.010195212565263546
1115, 0.010161310906973165
1699, -0.00977392597368993
1255, 0.009606006480443038
834, 0.009596501320439793
251, 0.009571798516457945
1083, 0.009533877824901858
86, -0.009465624357246294
1714, 0.009461582620360742
140, -0.00934247518000341
1812, 0.009304823935603933
971, 0.00927446181476127
1814, -0.009274454851578195
435, -0.009271903039315205
83, 0.009236413685560593
1281, 0.009232195256058433
875, 0.009099725999204583
1008, 0.009012465828817914
913, -0.00899374121393949
333, 0.008970410853394954
1698, -0.008878537093121043
194, 0.00877080741110171
1661, -0.008763950701515711
1796, 0.008709883722712267
1785, 0.008597241910295749
1032, 0.008508321842701266
1220, 0.008491881945310285
1647, -0.008490666366847848
653, 0.008335845524861989
186, 0.008180249395003548
415, -0.008177478683356193
1645, 0.007943084082316369
1655, -0.007847625194109044
1287, 0.007457039358010592
179, -0.007423001687987506
39, -0.007370697762629762
445, 0.007347462947498099
1666, 0.007289097533159608
579, -0.007272808690092166
976, 0.007258580249102203
1806, -0.007242891043271986
1088, -0.007189546116949171
523, -0.007188002466049387
224, -0.007128375976895135
1013, -0.007117616358577316
683, -0.007102168115618781
1697, -0.007056705249067533
48, -0.00705644638220344
704, 0.00703422870138167
85, -0.006964083898880737
218, 0.0068938831165698145
568, 0.006769538327325488
1093, 0.0067083495841281544
520, 0.00646563798049953
1059, 0.006459357081685553
528, -0.006442191037167375
217, 0.006357990678678196
158, -0.006287514485172216
977, 0.006197428556417107
1767, -0.006175824358893481
193, 0.006152957213704484
1809, 0.006056801913735551
1758, -0.005918798449417416
972, 0.005915779622339343
651, -0.005878326493818615
1111, 0.00587542295306641
829, 0.0058527195220718295
1296, 0.005801159358977473
547, -0.005685182410696132
1713, 0.005626106294838451
1039, 0.0055944037660853475
1291, 0.005594235977581063
334, -0.005552565092408871
1062, 0.005542828940345809
1653, 0.0055029302431731306
516, -0.005495231349612662
705, -0.005360106826464617
1614, 0.005344470049381553
80, 0.005321195106224875
1696, -0.005318040099315979
1640, -0.005247786744094584
707, -0.005227590743562129
1752, -0.005199823651758296
1802, -0.005186756880935044
522, 0.005009804459259526
227, 0.00497572911655423
576, 0.004897294860760728
141, 0.004882368682044739
410, 0.004705726491351543
94, -0.004665001792218178
451, 0.004486855088107589
488, 0.0044660908065808375
1718, 0.004465737632321663
511, -0.004330929643322935
330, 0.004261338623157409
982, 0.004204154175827999
1706, 0.004186931722868124
73, -0.0041553666027444374
570, 0.004142184273675376
826, -0.004139202599718617
1005, -0.004134440393649806
1711, -0.004065179542837227
155, -0.0038928048864671216
577, 0.003880767444596491
138, 0.0038644201736982046
190, -0.003820737254450238
89, 0.0037472255138068433
1789, -0.0036309272908456314
981, 0.0035564676998891126
1793, 0.0035367333292954557
1056, -0.003478279375538473
1302, 0.0033577571142176695
824, 0.003272115030169137
72, -0.003257877142547768
61, -0.0032563454955573043
1659, -0.0031997977081128573
733, -0.0031996953053771253
268, -0.0031814373198519336
708, -0.003173664059167561
454, 0.003153377209170331
391, -0.0030885130630241937
1218, -0.003054392796523593
442, -0.0030246303357981154
203, 0.0028650380340126892
825, 0.0028631517917326313
603, -0.00283867382955145
903, 0.0027935561101162434
82, 0.0027675733551721232
780, -0.0027048757194898304
831, 0.0026685735180299597
15, -0.002641702155828838
1803, -0.0025884746643071626
894, -0.002556492671078459
222, -0.002535025416794765
1295, 0.0025117955255998985
1211, -0.002453835182831289
1716, -0.0023862694676535633
729, 0.0023776251636081283
574, 0.002321126381095602
1686, 0.00224229219059224
652, -0.0022078924929059707
413, -0.0021359715565719916
1651, -0.0021026144654200463
448, -0.00206905120148801
63, -0.0019915894171017457
1643, 0.0018667568701299653
1804, 0.0018186508896474141
441, -0.0017915335412235175
1680, 0.0017912922672698242
223, 0.0017086005082730354
438, 0.001685997290371267
524, -0.0016520570748274595
1662, 0.0015890997319598361
510, -0.001581415794065625
504, 0.0015734021202789758
1676, -0.0015526563791645612
337, -0.0015331877453766624
1794, 0.0014610328129440284
81, -0.0014332366518761868
1051, 0.001412244198658122
336, 0.0013760263408817259
88, -0.0013671694102503767
702, -0.0013215187010525377
1712, 0.001309688389143228
1048, -0.0012731046569386256
1654, 0.0012601460174809795
838, 0.0011806957549146272
1798, 0.0011397028384186336
95, 0.001113860974147088
700, 0.0010992204132882332
699, -0.0010916156181340567
449, -0.0010879083133469227
459, -0.0010510364614432902
1786, -0.0009446708824951763
1795, -0.0009305356335434162
221, -0.0009156960122369865
1792, 0.0008858356600297032
957, -0.0008816104455406181
512, -0.000872613662886779
136, 0.0008703140571724877
1815, -0.0008636372358945816
974, 0.0008440819694923604
87, -0.0007807611231215256
507, 0.00067847740934619
75, 0.000672795133944637
1049, 0.0006685207467964068
137, 0.0006517732896360185
185, 0.000615468871050098
835, 0.0005699277942611239
1800, 0.0005639801728333767
506, -0.000446819642387784
1292, 0.00037105010621861024
453, -0.00033975832890654383
908, 0.00032530101747990447
447, -0.00030496123202004323
452, 0.0002651128874110727
1791, -0.0002470365247253435
968, -0.0002184930168100064
581, 0.00013546787122934042
450, -5.787917409223277e-05
1892, 0.0
1896, 0.0
1887, 0.0
443, 0.0
1898, 0.0
1888, 0.0
1897, 0.0
444, 0.0
1899, 0.0
1900, 0.0
1895, 0.0
1901, 0.0
1902, 0.0
455, 0.0
1894, 0.0
1889, 0.0
1886, 0.0
1890, 0.0
1891, 0.0
1893, 0.0
446, 0.0
460, 0.0
1343, 0.0
440, 0.0
380, 0.0
1943, 0.0
383, 0.0
1942, 0.0
1941, 0.0
1940, 0.0
1939, 0.0
1938, 0.0
1937, 0.0
1936, 0.0
1935, 0.0
1934, 0.0
1933, 0.0
1932, 0.0
1931, 0.0
1930, 0.0
381, 0.0
1944, 0.0
439, 0.0
378, 0.0
363, 0.0
364, 0.0
365, 0.0
1951, 0.0
367, 0.0
368, 0.0
1950, 0.0
370, 0.0
371, 0.0
1949, 0.0
373, 0.0
1948, 0.0
1947, 0.0
1946, 0.0
1945, 0.0
1929, 0.0
1928, 0.0
1927, 0.0
1926, 0.0
1907, 0.0
424, 0.0
425, 0.0
426, 0.0
427, 0.0
428, 0.0
429, 0.0
430, 0.0
1906, 0.0
432, 0.0
433, 0.0
1905, 0.0
1904, 0.0
436, 0.0
1903, 0.0
1908, 0.0
1909, 0.0
1910, 0.0
1919, 0.0
1925, 0.0
1924, 0.0
1923, 0.0
1922, 0.0
1921, 0.0
1920, 0.0
1918, 0.0
1911, 0.0
1917, 0.0
412, 0.0
1916, 0.0
1915, 0.0
1913, 0.0
1912, 0.0
1914, 0.0
1868, 0.0
1885, 0.0
586, 0.0
1833, 0.0
1832, 0.0
1831, 0.0
1830, 0.0
584, 0.0
585, 0.0
587, 0.0
595, 0.0
588, 0.0
589, 0.0
590, 0.0
591, 0.0
592, 0.0
593, 0.0
1834, 0.0
575, 0.0
1835, 0.0
572, 0.0
571, 0.0
1836, 0.0
1837, 0.0
567, 0.0
566, 0.0
565, 0.0
564, 0.0
563, 0.0
562, 0.0
561, 0.0
560, 0.0
559, 0.0
558, 0.0
594, 0.0
596, 0.0
556, 0.0
623, 0.0
617, 0.0
618, 0.0
619, 0.0
620, 0.0
621, 0.0
622, 0.0
624, 0.0
597, 0.0
625, 0.0
626, 0.0
627, 0.0
628, 0.0
629, 0.0
630, 0.0
616, 0.0
1816, 0.0
1817, 0.0
1818, 0.0
1819, 0.0
1820, 0.0
1821, 0.0
1822, 0.0
1823, 0.0
1824, 0.0
1825, 0.0
1826, 0.0
1827, 0.0
1828, 0.0
1829, 0.0
599, 0.0
598, 0.0
557, 0.0
555, 0.0
1884, 0.0
1870, 0.0
1872, 0.0
495, 0.0
496, 0.0
1871, 0.0
498, 0.0
499, 0.0
501, 0.0
1865, 0.0
1869, 0.0
361, 0.0
505, 0.0
508, 0.0
1867, 0.0
513, 0.0
493, 0.0
492, 0.0
491, 0.0
490, 0.0
489, 0.0
1873, 0.0
1874, 0.0
1875, 0.0
1876, 0.0
1877, 0.0
1878, 0.0
1879, 0.0
1880, 0.0
1881, 0.0
1882, 0.0
1883, 0.0
476, 0.0
1866, 0.0
1864, 0.0
554, 0.0
1841, 0.0
1846, 0.0
540, 0.0
1845, 0.0
1844, 0.0
1843, 0.0
1842, 0.0
1840, 0.0
1863, 0.0
1839, 0.0
549, 0.0
1838, 0.0
551, 0.0
552, 0.0
553, 0.0
1847, 0.0
1848, 0.0
1849, 0.0
1850, 0.0
1851, 0.0
1852, 0.0
1853, 0.0
1854, 0.0
1855, 0.0
1856, 0.0
1857, 0.0
1858, 0.0
1859, 0.0
1860, 0.0
1861, 0.0
1862, 0.0
519, 0.0
362, 0.0
1971, 0.0
1952, 0.0
135, 0.0
117, 0.0
118, 0.0
119, 0.0
120, 0.0
121, 0.0
122, 0.0
123, 0.0
124, 0.0
125, 0.0
126, 0.0
127, 0.0
128, 0.0
129, 0.0
130, 0.0
131, 0.0
132, 0.0
133, 0.0
116, 0.0
115, 0.0
114, 0.0
104, 0.0
2063, 0.0
2062, 0.0
2061, 0.0
2060, 0.0
2059, 0.0
2058, 0.0
2057, 0.0
105, 0.0
113, 0.0
106, 0.0
107, 0.0
108, 0.0
109, 0.0
110, 0.0
111, 0.0
112, 0.0
134, 0.0
2056, 0.0
2065, 0.0
2055, 0.0
164, 0.0
2038, 0.0
2037, 0.0
2036, 0.0
2035, 0.0
169, 0.0
2034, 0.0
2033, 0.0
172, 0.0
173, 0.0
174, 0.0
175, 0.0
176, 0.0
2032, 0.0
2031, 0.0
2030, 0.0
2029, 0.0
2039, 0.0
2040, 0.0
2041, 0.0
2047, 0.0
2054, 0.0
2053, 0.0
2052, 0.0
2051, 0.0
2050, 0.0
2049, 0.0
2048, 0.0
2046, 0.0
2042, 0.0
2045, 0.0
2044, 0.0
2043, 0.0
154, 0.0
156, 0.0
157, 0.0
159, 0.0
2064, 0.0
2066, 0.0
2027, 0.0
2088, 0.0
2102, 0.0
23, 0.0
2101, 0.0
2100, 0.0
2099, 0.0
2098, 0.0
2097, 0.0
29, 0.0
2096, 0.0
2095, 0.0
2094, 0.0
2093, 0.0
2092, 0.0
35, 0.0
2091, 0.0
2090, 0.0
38, 0.0
2103, 0.0
2104, 0.0
2105, 0.0
2112, 0.0
2117, 0.0
2116, 0.0
2115, 0.0
2114, 0.0
2113, 0.0
6, 0.0
7, 0.0
2111, 0.0
18, 0.0
2110, 0.0
2109, 0.0
2108, 0.0
2107, 0.0
14, 0.0
16, 0.0
2106, 0.0
2089, 0.0
2087, 0.0
2067, 0.0
2086, 0.0
2074, 0.0
66, 0.0
67, 0.0
2073, 0.0
69, 0.0
70, 0.0
71, 0.0
74, 0.0
76, 0.0
77, 0.0
2072, 0.0
79, 0.0
2071, 0.0
84, 0.0
2070, 0.0
2069, 0.0
2068, 0.0
64, 0.0
62, 0.0
2075, 0.0
50, 0.0
43, 0.0
2085, 0.0
45, 0.0
2084, 0.0
47, 0.0
2083, 0.0
2082, 0.0
2081, 0.0
2076, 0.0
2080, 0.0
2079, 0.0
54, 0.0
55, 0.0
56, 0.0
2078, 0.0
2077, 0.0
2028, 0.0
2026, 0.0
1953, 0.0
315, 0.0
297, 0.0
298, 0.0
299, 0.0
300, 0.0
301, 0.0
302, 0.0
303, 0.0
304, 0.0
305, 0.0
306, 0.0
307, 0.0
308, 0.0
309, 0.0
310, 0.0
311, 0.0
312, 0.0
313, 0.0
296, 0.0
295, 0.0
294, 0.0
284, 0.0
1979, 0.0
1978, 0.0
1977, 0.0
280, 0.0
281, 0.0
282, 0.0
283, 0.0
285, 0.0
293, 0.0
286, 0.0
287, 0.0
288, 0.0
289, 0.0
290, 0.0
291, 0.0
292, 0.0
314, 0.0
316, 0.0
1981, 0.0
317, 0.0
1969, 0.0
343, 0.0
1968, 0.0
1967, 0.0
1966, 0.0
1965, 0.0
1964, 0.0
1963, 0.0
1962, 0.0
1961, 0.0
1960, 0.0
1959, 0.0
1958, 0.0
1957, 0.0
1956, 0.0
1955, 0.0
1954, 0.0
341, 0.0
1970, 0.0
632, 0.0
325, 0.0
318, 0.0
319, 0.0
320, 0.0
321, 0.0
322, 0.0
323, 0.0
324, 0.0
326, 0.0
338, 0.0
327, 0.0
1976, 0.0
1975, 0.0
1974, 0.0
332, 0.0
1973, 0.0
1972, 0.0
1980, 0.0
1982, 0.0
2025, 0.0
232, 0.0
2013, 0.0
2012, 0.0
211, 0.0
2011, 0.0
2010, 0.0
214, 0.0
2009, 0.0
2008, 0.0
2007, 0.0
2006, 0.0
220, 0.0
2005, 0.0
2004, 0.0
2003, 0.0
2002, 0.0
2001, 0.0
2000, 0.0
208, 0.0
207, 0.0
206, 0.0
2019, 0.0
2024, 0.0
2023, 0.0
188, 0.0
2022, 0.0
191, 0.0
2021, 0.0
2020, 0.0
2018, 0.0
205, 0.0
2017, 0.0
2016, 0.0
2015, 0.0
2014, 0.0
201, 0.0
202, 0.0
204, 0.0
1999, 0.0
233, 0.0
1983, 0.0
234, 0.0
255, 0.0
256, 0.0
1996, 0.0
1995, 0.0
259, 0.0
1994, 0.0
1993, 0.0
262, 0.0
1992, 0.0
1991, 0.0
1990, 0.0
1989, 0.0
1988, 0.0
1987, 0.0
1986, 0.0
1985, 0.0
1984, 0.0
254, 0.0
253, 0.0
252, 0.0
242, 0.0
235, 0.0
236, 0.0
237, 0.0
238, 0.0
239, 0.0
240, 0.0
241, 0.0
243, 0.0
1997, 0.0
244, 0.0
245, 0.0
246, 0.0
247, 0.0
1998, 0.0
249, 0.0
250, 0.0
631, 0.0
671, 0.0
633, 0.0
1419, 0.0
1426, 0.0
1425, 0.0
1424, 0.0
1423, 0.0
1422, 0.0
1421, 0.0
1420, 0.0
1418, 0.0
1428, 0.0
1417, 0.0
1131, 0.0
1132, 0.0
1416, 0.0
1415, 0.0
1414, 0.0
1413, 0.0
1427, 0.0
1429, 0.0
1411, 0.0
1437, 0.0
1100, 0.0
1442, 0.0
1102, 0.0
1441, 0.0
1440, 0.0
1439, 0.0
1438, 0.0
1436, 0.0
1430, 0.0
1109, 0.0
1110, 0.0
1435, 0.0
1434, 0.0
1433, 0.0
1432, 0.0
1431, 0.0
1412, 0.0
1410, 0.0
1486, 0.0
1400, 0.0
1407, 0.0
1406, 0.0
1405, 0.0
1404, 0.0
1403, 0.0
1402, 0.0
1401, 0.0
1399, 0.0
1159, 0.0
1398, 0.0
1397, 0.0
1396, 0.0
1395, 0.0
1394, 0.0
1393, 0.0
1176, 0.0
1408, 0.0
1158, 0.0
1409, 0.0
1148, 0.0
1141, 0.0
1142, 0.0
1143, 0.0
1144, 0.0
1145, 0.0
1146, 0.0
1147, 0.0
1149, 0.0
1157, 0.0
1150, 0.0
1151, 0.0
1152, 0.0
1153, 0.0
1154, 0.0
1155, 0.0
1156, 0.0
1099, 0.0
1443, 0.0
1444, 0.0
1474, 0.0
1481, 0.0
1480, 0.0
1479, 0.0
1478, 0.0
1477, 0.0
1476, 0.0
1475, 0.0
1473, 0.0
1483, 0.0
1472, 0.0
1471, 0.0
1470, 0.0
1469, 0.0
1468, 0.0
1467, 0.0
1466, 0.0
1482, 0.0
1484, 0.0
1445, 0.0
1022, 0.0
1015, 0.0
1016, 0.0
1017, 0.0
1018, 0.0
1019, 0.0
1020, 0.0
1021, 0.0
1023, 0.0
1031, 0.0
1024, 0.0
1025, 0.0
1026, 0.0
1027, 0.0
1028, 0.0
1029, 0.0
1030, 0.0
1465, 0.0
1464, 0.0
1463, 0.0
1453, 0.0
1459, 0.0
1458, 0.0
1457, 0.0
1456, 0.0
1084, 0.0
1455, 0.0
1454, 0.0
1452, 0.0
2118, 0.0
1451, 0.0
1090, 0.0
1450, 0.0
1449, 0.0
1448, 0.0
1447, 0.0
1446, 0.0
1079, 0.0
1078, 0.0
1077, 0.0
1076, 0.0
1462, 0.0
1461, 0.0
1460, 0.0
1064, 0.0
1065, 0.0
1066, 0.0
1067, 0.0
1068, 0.0
1069, 0.0
1070, 0.0
1071, 0.0
1072, 0.0
1073, 0.0
1074, 0.0
1075, 0.0
1177, 0.0
1178, 0.0
1179, 0.0
1362, 0.0
1367, 0.0
1283, 0.0
1284, 0.0
1366, 0.0
1365, 0.0
1364, 0.0
1363, 0.0
1361, 0.0
1369, 0.0
1360, 0.0
1359, 0.0
1358, 0.0
1357, 0.0
1356, 0.0
1355, 0.0
1354, 0.0
1368, 0.0
1279, 0.0
1260, 0.0
1269, 0.0
1262, 0.0
1263, 0.0
1264, 0.0
1265, 0.0
1266, 0.0
1267, 0.0
1268, 0.0
1270, 0.0
1370, 0.0
1271, 0.0
1272, 0.0
1372, 0.0
1274, 0.0
1275, 0.0
1276, 0.0
1371, 0.0
1353, 0.0
1304, 0.0
1352, 0.0
1333, 0.0
1326, 0.0
1327, 0.0
1328, 0.0
1329, 0.0
1330, 0.0
1331, 0.0
1332, 0.0
1334, 0.0
1306, 0.0
1335, 0.0
1336, 0.0
1337, 0.0
1338, 0.0
1339, 0.0
1340, 0.0
1341, 0.0
1325, 0.0
1324, 0.0
1323, 0.0
1322, 0.0
1307, 0.0
1308, 0.0
1351, 0.0
1350, 0.0
1311, 0.0
1349, 0.0
1348, 0.0
1347, 0.0
1315, 0.0
1316, 0.0
1346, 0.0
1345, 0.0
1344, 0.0
1320, 0.0
1321, 0.0
1261, 0.0
1259, 0.0
1180, 0.0
1392, 0.0
1201, 0.0
1202, 0.0
1203, 0.0
1204, 0.0
1205, 0.0
1206, 0.0
1207, 0.0
1209, 0.0
1199, 0.0
1210, 0.0
1212, 0.0
1213, 0.0
1214, 0.0
1215, 0.0
1216, 0.0
1391, 0.0
1200, 0.0
1198, 0.0
1258, 0.0
1188, 0.0
1181, 0.0
1182, 0.0
1183, 0.0
1184, 0.0
1185, 0.0
1186, 0.0
1187, 0.0
1189, 0.0
1197, 0.0
1190, 0.0
1191, 0.0
1192, 0.0
1193, 0.0
1194, 0.0
1195, 0.0
1196, 0.0
1219, 0.0
1390, 0.0
1389, 0.0
1379, 0.0
1385, 0.0
1384, 0.0
1244, 0.0
1383, 0.0
1382, 0.0
1381, 0.0
1380, 0.0
1378, 0.0
1222, 0.0
1377, 0.0
1376, 0.0
1375, 0.0
1374, 0.0
1373, 0.0
1256, 0.0
1257, 0.0
1386, 0.0
1387, 0.0
1239, 0.0
1238, 0.0
1388, 0.0
1224, 0.0
1225, 0.0
1226, 0.0
1227, 0.0
1228, 0.0
1229, 0.0
1230, 0.0
1231, 0.0
1232, 0.0
1233, 0.0
1234, 0.0
1235, 0.0
1236, 0.0
1237, 0.0
1485, 0.0
1487, 0.0
634, 0.0
1725, 0.0
760, 0.0
761, 0.0
762, 0.0
1726, 0.0
764, 0.0
765, 0.0
766, 0.0
1724, 0.0
758, 0.0
1723, 0.0
770, 0.0
771, 0.0
772, 0.0
1722, 0.0
1721, 0.0
775, 0.0
759, 0.0
757, 0.0
1719, 0.0
747, 0.0
1730, 0.0
1729, 0.0
1728, 0.0
1727, 0.0
744, 0.0
745, 0.0
746, 0.0
748, 0.0
756, 0.0
749, 0.0
750, 0.0
751, 0.0
752, 0.0
753, 0.0
754, 0.0
755, 0.0
1720, 0.0
1710, 0.0
1488, 0.0
816, 0.0
809, 0.0
810, 0.0
811, 0.0
812, 0.0
813, 0.0
814, 0.0
815, 0.0
817, 0.0
807, 0.0
818, 0.0
819, 0.0
820, 0.0
821, 0.0
822, 0.0
823, 0.0
828, 0.0
808, 0.0
806, 0.0
1708, 0.0
796, 0.0
1707, 0.0
1704, 0.0
1692, 0.0
792, 0.0
793, 0.0
794, 0.0
795, 0.0
797, 0.0
805, 0.0
798, 0.0
799, 0.0
800, 0.0
801, 0.0
802, 0.0
803, 0.0
804, 0.0
1731, 0.0
1732, 0.0
1733, 0.0
676, 0.0
669, 0.0
670, 0.0
1342, 0.0
672, 0.0
673, 0.0
674, 0.0
675, 0.0
677, 0.0
667, 0.0
678, 0.0
679, 0.0
680, 0.0
681, 0.0
682, 0.0
1788, 0.0
684, 0.0
668, 0.0
666, 0.0
1734, 0.0
642, 0.0
635, 0.0
636, 0.0
637, 0.0
638, 0.0
639, 0.0
640, 0.0
641, 0.0
643, 0.0
665, 0.0
644, 0.0
645, 0.0
646, 0.0
647, 0.0
1799, 0.0
1790, 0.0
664, 0.0
685, 0.0
686, 0.0
1787, 0.0
722, 0.0
1771, 0.0
716, 0.0
717, 0.0
718, 0.0
1770, 0.0
1769, 0.0
1768, 0.0
723, 0.0
1784, 0.0
724, 0.0
727, 0.0
1751, 0.0
1742, 0.0
1739, 0.0
1736, 0.0
1735, 0.0
714, 0.0
713, 0.0
712, 0.0
1772, 0.0
690, 0.0
691, 0.0
692, 0.0
1783, 0.0
1782, 0.0
695, 0.0
1781, 0.0
1780, 0.0
1779, 0.0
1778, 0.0
1777, 0.0
1776, 0.0
1775, 0.0
1774, 0.0
1773, 0.0
1660, 0.0
837, 0.0
843, 0.0
1533, 0.0
948, 0.0
949, 0.0
950, 0.0
951, 0.0
1536, 0.0
1535, 0.0
1534, 0.0
956, 0.0
946, 0.0
1532, 0.0
1531, 0.0
1530, 0.0
1529, 0.0
1528, 0.0
1527, 0.0
1526, 0.0
947, 0.0
945, 0.0
1545, 0.0
1537, 0.0
1544, 0.0
1543, 0.0
1542, 0.0
1541, 0.0
1540, 0.0
1539, 0.0
1538, 0.0
936, 0.0
944, 0.0
937, 0.0
938, 0.0
939, 0.0
940, 0.0
941, 0.0
942, 0.0
943, 0.0
1525, 0.0
1524, 0.0
1523, 0.0
1495, 0.0
1502, 0.0
1501, 0.0
1500, 0.0
1499, 0.0
1498, 0.0
1497, 0.0
1496, 0.0
1494, 0.0
1522, 0.0
1493, 0.0
1004, 0.0
1492, 0.0
1491, 0.0
1490, 0.0
1009, 0.0
1489, 0.0
1503, 0.0
1504, 0.0
1505, 0.0
1506, 0.0
1521, 0.0
1520, 0.0
1519, 0.0
1518, 0.0
1517, 0.0
1516, 0.0
1515, 0.0
1514, 0.0
1513, 0.0
1512, 0.0
1511, 0.0
1510, 0.0
1509, 0.0
1508, 0.0
1507, 0.0
927, 0.0
1546, 0.0
844, 0.0
1586, 0.0
1593, 0.0
1592, 0.0
1591, 0.0
1590, 0.0
1589, 0.0
1588, 0.0
1587, 0.0
1585, 0.0
1595, 0.0
1584, 0.0
876, 0.0
1583, 0.0
1582, 0.0
1581, 0.0
1580, 0.0
1579, 0.0
1594, 0.0
1596, 0.0
924, 0.0
1605, 0.0
845, 0.0
1612, 0.0
848, 0.0
849, 0.0
850, 0.0
1607, 0.0
1606, 0.0
1604, 0.0
1597, 0.0
1603, 0.0
1602, 0.0
1601, 0.0
1600, 0.0
1599, 0.0
860, 0.0
1598, 0.0
1578, 0.0
1577, 0.0
1576, 0.0
1554, 0.0
1561, 0.0
1560, 0.0
1559, 0.0
1558, 0.0
1557, 0.0
1556, 0.0
1555, 0.0
1553, 0.0
1575, 0.0
1552, 0.0
1551, 0.0
1550, 0.0
1549, 0.0
1548, 0.0
1547, 0.0
923, 0.0
1562, 0.0
1563, 0.0
1564, 0.0
1565, 0.0
1574, 0.0
1573, 0.0
888, 0.0
889, 0.0
1572, 0.0
891, 0.0
892, 0.0
1571, 0.0
895, 0.0
1570, 0.0
897, 0.0
1569, 0.0
1568, 0.0
1567, 0.0
1566, 0.0
2119, 0.0
