1.0 1.6584550075837963 0.8919830571649544 0.9152701447613407 
3.0 1.584731248078621 0.6487641721560347 0.6460220101139316 
5.0 1.4723225632940853 0.4003772055593049 0.5534834371469013 
7.0 1.4678068401321782 0.3731493456239392 0.5237230167032014 
9.0 1.4220513141078444 0.3448078588023198 0.47285072995843325 
11.0 1.336322912013477 0.31259619749937473 0.4282354135057631 
13.0 1.295244760609061 0.3530186946524214 0.4822821370014698 
15.0 1.2750915886953753 0.2911476629431963 0.5469362572324561 
17.0 1.2989808263304528 0.3339672977723529 0.5115351044162662 
19.0 1.4067570960984557 0.34642389322213507 0.6632453765015982 
21.0 1.329623133784116 0.35379405822713017 0.6769586216259857 
23.0 1.2946732499632367 0.3122065469277058 0.6012404612057962 
