0.0625 1.761072937791639 0.4135352760282558 0.5805882789065206 
0.1875 1.661793159937318 0.3894038559509323 0.5497006813022773 
0.3125 1.6078158666309719 0.37862869810490163 0.5295593595403303 
0.4375 1.5719657648949656 0.3805806674042731 0.545324846138624 
0.5625 1.5415253393092099 0.3880196186294147 0.5640181576274517 
0.6875 1.5331733906887721 0.3942347229227767 0.5702390765119625 
0.8125 1.515518617013644 0.3940589801142831 0.5726158909625847 
0.9375 1.4964236952118415 0.38000962288096507 0.5661786712204022 
1.0625 1.5131187096434906 0.4127008607869118 0.6067825583781152 
1.1875 1.4601860644862101 0.401194846437007 0.6192209651815646 
1.3125 1.4917863774753186 0.5006163233303033 0.6318184060874834 
1.4375 1.4764925556503252 0.5010284238599518 0.7030195180109589 
1.5625 1.3011689134398723 0.492074651516078 0.7177299315464505 
1.6875 1.0133761075471737 0.41669049102430333 0.9520908801462151 
1.8125 1.20455116299383 0.38856668215970436 0.5858510135620321 
1.9375 0.7247382372641822 0.22002738823906487 0.44047126076538157 
2.0625 1.3112517442053093 0.6502315786128592 0.3418803217986839 
2.1875 0.8911638640878715 0.34422369510908823 0.35224423910555813 
2.3125 0.7197789998004649 0.19795833437704324 0.8279418418333429 
2.4375 1.167755509897737 0.2383741546179472 0.41843685659060004 
