0.0625 1.809038829983723 0.4302802138332398 0.593256020980421 
0.1875 1.7787586319053004 0.4185291690552686 0.6192649846564211 
0.3125 1.7777060698978997 0.42675092339494625 0.6055760122616736 
0.4375 1.8339461319127417 0.4525147665120792 0.632351521559603 
0.5625 1.765408982024221 0.46516717518694084 0.6919061029692131 
0.6875 1.8146525430812097 0.49888856425725536 0.6271132912173176 
0.8125 2.0074622785019303 0.5560503969481667 0.637704963369913 
0.9375 1.8506174233463342 0.6473368845930711 0.7637733987525692 
1.0625 1.9152465923582147 1.0763938721291795 0.7178340884091727 
1.1875 1.8018239251055874 0.5331714191427859 0.8811097217185044 
1.3125 1.6995171206393929 0.9659498730393953 0.9804492615864242 
1.4375 1.6915156067708796 1.0330525614111754 0.9127256903552783 
1.5625 1.2158438609587383 0.31500851733715063 1.1569183433848689 
1.6875 0.7726498300501038 0.11738458824459164 0.10196260861451611 
1.8125 1.4722328257249904 0.3703687458529452 0.3717581227245743 
1.9375 0.8410689392298407 0.08956988872066052 0.16370435304586306 
2.0625 1.4183906168333313 0.6980744181613688 0.2984038424790856 
2.1875 1.2063786858765186 0.26383798522443813 0.15481830933389684 
2.3125 0.7959733178072758 0.05957599859440443 0.042444766197350825 
2.4375 1.457754327707093 0.31094676029008683 0.2481722593685376 
