0.0625 0.0 0.0 0.0 
0.1875 1.1034096579322212 0.20153441523827365 0.4145021473358117 
0.3125 1.2519747020023184 0.2702540449995573 0.4021391278347304 
0.4375 1.3506094669055522 0.30436188266962105 0.4796838457537502 
0.5625 1.3803253777644966 0.30472187521386807 0.5163541467226918 
0.6875 1.404584319875553 0.31415694058932764 0.5260711761018055 
0.8125 1.4078926211905392 0.33004656013005107 0.4592537240099608 
0.9375 1.3338091703949058 0.3166194784693963 0.448212925744337 
1.0625 1.3048225567170446 0.2995589564040768 0.42876145569105395 
1.1875 1.26549574796483 0.29744069120765537 0.4771042577298854 
1.3125 1.253899241833924 0.3130510452561368 0.5382034343103854 
1.4375 1.3793084316115392 0.3504663394286087 0.5156639935301843 
1.5625 1.4257107297510911 0.37553978120506337 0.4827764080326762 
1.6875 1.466013362042771 0.429313960809798 0.7107858310593538 
1.8125 1.530809966242816 0.46943512150215794 0.6299229719264443 
1.9375 1.7907817284453285 0.6021795607659588 0.4710235501368958 
2.0625 1.0786750269105276 0.24082386140730583 1.040659623720971 
2.1875 0.5257406515796765 0.20408473782783576 0.5812783675762181 
2.3125 1.1996570725467102 0.33135145569929836 0.2960681804083707 
2.4375 0.7156752251904837 0.13274590350523519 0.10437712111025133 
