1.0 1.6080511460256544 0.7093293465060421 0.6850372873854766 
3.0 1.2995938738936506 0.45848264262830596 0.5271410107761445 
5.0 1.2409724387426073 0.41225684947495633 0.49940836905930386 
7.0 1.1922399975403697 0.3771777609995933 0.49612150594311344 
9.0 1.1481404267070878 0.349327166862765 0.49691043549759706 
11.0 1.1582111361100025 0.3708109146756807 0.4856640004148485 
13.0 1.149114260415234 0.37650943343185583 0.509495587769385 
15.0 1.0960393893111424 0.3383674630281136 0.5504351197619859 
17.0 1.0911226939453824 0.34022262376280266 0.5848752414868723 
19.0 1.0606243838839338 0.328015948108486 0.614432616354524 
21.0 1.044183318112854 0.3220131301828548 0.6103736987081314 
23.0 1.0102123400632117 0.34530565230939425 0.5850590375642339 
