0.0625 0.0 0.0 0.0 
0.1875 1.0613453082524926 0.16138103831953532 0.16138103831953532 
0.3125 1.2038032546968487 0.23340650073570812 1.0874165835482161 
0.4375 1.2674432733728331 0.3034389501963288 1.1294902962119788 
0.5625 1.254289114408246 0.3069615815314384 1.0207188221439742 
0.6875 1.3005967851484335 0.3273972877843374 0.7685229572820389 
0.8125 1.3091683755087886 0.31664717335291404 0.6425115400421009 
0.9375 1.3179846806229665 0.3178173043184602 0.6317173474734079 
1.0625 1.325011187189356 0.30840942938571203 0.604098583020199 
1.1875 1.27617128992449 0.2970383857356964 0.6039904124122417 
1.3125 1.2334444881747921 0.28810557626285815 0.5005535776100121 
1.4375 1.1766481147811358 0.2437009399569997 0.5784041447832824 
1.5625 1.2037293405562512 0.34382462694430505 0.40344936309013457 
1.6875 1.343808249448386 0.470473011889031 0.6825829553765437 
1.8125 1.5637876847326075 0.4924453089018894 0.6663814595393305 
1.9375 1.404836339511725 0.4887682215231396 0.5346101253445468 
2.0625 1.5846371825440304 0.556663261842373 0.712790982717157 
2.1875 0.8544807501347822 0.31818468986927373 0.31818468986927395 
2.3125 1.0036117268055416 0.08068510539372986 0.055161304317884685 
2.4375 0.48207844383465925 0.06845820211590259 0.7897569884132054 
