1.0 1.9001755066905617 0.4756775076960644 0.6782912191034256 
3.0 1.6219824421333882 0.36963160686407304 0.5020416119549176 
5.0 1.4956054951868338 0.3116258670837544 0.42682697026969785 
7.0 1.4460505799043646 0.3074180685631729 0.3887317845228291 
9.0 1.3212035152966992 0.27406883040513663 0.4064795791186182 
11.0 1.175082429138235 0.24597218198497184 0.3226757705668508 
13.0 1.2734895442770662 0.35499170902747335 0.404840239321161 
15.0 1.2618765151892797 0.3641773678382849 0.26659280247490114 
17.0 1.2064308245789577 0.0035734950396681953 0.1033020281306758 
19.0 1.2639449566879302 0.0 0.0 
21.0 0.0 0.0 0.0 
23.0 0.0 0.0 0.0 
