1.0 1.7994679569722682 0.4527517045344318 0.6341453481982133 
3.0 1.6319006593484788 0.3909299326260538 0.5346935186907165 
5.0 1.53046422482631 0.33617877247813244 0.4524079099699516 
7.0 1.4803034359396179 0.3300249311474588 0.43571965984638483 
9.0 1.3457836351295822 0.29493925886007166 0.3720243623828132 
11.0 1.3509413802771437 0.2864475845529728 0.43299613015504845 
13.0 1.4106386284933423 0.337719287111351 0.5564866888825533 
15.0 1.3402017061227052 0.3260380539818657 0.8986667387808365 
17.0 1.3724310737543197 0.3692028787330175 1.0042486162051167 
19.0 1.329583066181571 0.38264008152848583 1.0038948362469242 
21.0 1.2556613240710708 0.3296557135015312 0.971204633124108 
23.0 1.1499747947037942 0.24305933894566167 0.6457756305644733 
