0.0625 1.6141950369275966 0.3593629408538055 0.49183191982746166 
0.1875 1.604924680777418 0.3652905015906154 0.4925421155943548 
0.3125 1.6031455710791158 0.36445820567692677 0.5040023615493558 
0.4375 1.5988180614948115 0.37420012365856836 0.5163386796564629 
0.5625 1.6083025435528917 0.38556505842414013 0.5220040940076967 
0.6875 1.6113696758050593 0.3941343087162934 0.5518779113996763 
0.8125 1.586678959620365 0.4028044410743139 0.5595303363610018 
0.9375 1.6131989355425622 0.40004440258044793 0.5490752830754304 
1.0625 1.6440779353244492 0.46208066602688125 0.5928726673945444 
1.1875 1.4946032360591237 0.44427153263420327 0.6186748357712812 
1.3125 1.6087401144583295 0.6031662467038201 0.5757441300461044 
1.4375 1.6085959154326817 0.5293016493049936 0.6890071357472343 
1.5625 1.2116574160321776 0.5156804477277468 0.8512348738015729 
1.6875 0.7474606084962452 0.21936140323375763 1.1979892786841015 
1.8125 1.1346761227613573 0.30529396585102697 0.5238040001129198 
1.9375 0.6501299694225294 0.1549502395207304 0.23498403450946392 
2.0625 1.3394048070602798 0.7378930040029558 0.3013725383575454 
2.1875 0.8983364888202648 0.23847023255963085 0.2941293616949979 
2.3125 0.6778190688390928 0.12354278545733877 0.892133994729835 
2.4375 1.221511975397818 0.20227358412270946 0.3684469227824505 
