0.0625 1.163652650686609 0.21789916763328565 0.19090095893731363 
0.1875 1.1186140545144823 0.23965241146933813 0.2680450414060658 
0.3125 1.1030584091465965 0.22539411156096567 0.26685601261323644 
0.4375 1.114259075195306 0.19606731891332863 0.2546377039718206 
0.5625 1.1414483963508117 0.19264547326986936 0.23480242925968842 
0.6875 1.16665154468413 0.19349129932798326 0.2416700946675503 
0.8125 1.2063664831484482 0.21477355829249622 0.2567795010270626 
0.9375 1.21491837903211 0.21303163310956097 0.2724770634365843 
1.0625 1.1653212940676687 0.21993808437373352 0.2714747631259993 
1.1875 1.1143969586485554 0.22867538679443788 0.2429899243266196 
1.3125 1.0536756642763363 0.22198304648275513 0.2634120349419722 
1.4375 1.0135544227649969 0.2090013371871816 0.2917297059875077 
1.5625 1.0537760343664113 0.2148334807986686 0.25244471680688685 
1.6875 0.8003728595105702 0.18037554409268486 0.27353016353669257 
1.8125 0.9032552407599974 0.16339344055451677 0.32050168403646273 
1.9375 1.0106307231195317 0.24210348080928956 0.27916995672292266 
2.0625 0.7987513105016327 0.17358930910269876 0.40598088514243347 
2.1875 0.8708540172149728 0.16088043638525584 0.6220203035196703 
2.3125 0.8395938180488006 0.0 0.0 
2.4375 0.9895743156809268 0.0 0.0 
