0.0625 0.0 0.0 0.0 
0.1875 0.9061053627822949 0.1532092139222968 0.14938195692291212 
0.3125 0.9558885832913653 0.1459657510557283 0.1793596314512258 
0.4375 1.018118718888977 0.1648297823499263 0.1949642821287716 
0.5625 1.0661362233531568 0.18131990786318497 0.21454211023395775 
0.6875 1.099016746246512 0.18162715587501055 0.22977753184195837 
0.8125 1.129825442474126 0.18676929591088065 0.2240403387405272 
0.9375 1.1241214964260529 0.18738040969834302 0.21668522141329327 
1.0625 1.0920749246419854 0.17763593021003465 0.21691119587893826 
1.1875 1.1109727674878018 0.20889399799901953 0.25611211718248783 
1.3125 1.1460253475381945 0.2078492510354948 0.2738901751921914 
1.4375 1.0846553910332917 0.2162437201546491 0.232611599216356 
1.5625 1.0016083352982248 0.22498780156607723 0.22303978778053013 
1.6875 0.9194833866226363 0.16230937207144747 0.22109501883296845 
1.8125 0.9508289717463606 0.20289950866850381 0.29935574293440503 
1.9375 0.9596011333729777 0.24286867703498494 0.4680931815010574 
2.0625 0.7425350677663559 0.14987585859968233 0.29062401397412463 
2.1875 1.178897306765045 0.33607615461895224 0.5478908095436712 
2.3125 0.9205510988752659 0.19841280565081587 0.28188491189364684 
2.4375 0.617883475783301 0.1251077560193944 0.25101444300671993 
