1.0 1.1306895357209155 0.3068171210721826 0.3835911753964467 
3.0 1.024856334232623 0.23905690818633307 0.3617697104181401 
5.0 1.0777019202771554 0.25209639992119026 0.2862805717917134 
7.0 1.112509152556918 0.2409276634110178 0.28634244265055697 
9.0 1.1236259569497569 0.21525500585371482 0.25948599263607197 
11.0 1.104030721000986 0.19636002312030953 0.23069845839720649 
13.0 1.0944121504913358 0.19925574879283958 0.2276170312493211 
15.0 1.0863887909076253 0.19615616212791875 0.2590587266340163 
17.0 1.0760351639300567 0.2031707617225934 0.28688662617279137 
19.0 1.0875354459509987 0.20542388002139866 0.24719724573729063 
21.0 1.0956018798326292 0.21551659296170333 0.2190331064599229 
23.0 1.0522492782604156 0.1578108422874671 0.17981284119621255 
