0.0625 1.4039879730817773 0.28794463417847727 0.33966378354439497 
0.1875 1.3437858271939014 0.2761277360691421 0.337976887871271 
0.3125 1.254202827009616 0.2712991704718365 0.32487138081815714 
0.4375 1.1610875852742741 0.2380228002208239 0.31219559856133117 
0.5625 1.10607592088006 0.2196107608597847 0.26761607924744335 
0.6875 1.1041966679798303 0.21795041896243394 0.26908344386874394 
0.8125 1.1094834045852249 0.22214441946261965 0.281913272206358 
0.9375 1.108293629654544 0.22153486310948112 0.2716925352425008 
1.0625 1.119049203950843 0.23104780606458275 0.28927863591853376 
1.1875 1.05586473099258 0.24393708673711667 0.30211380351181316 
1.3125 1.103511256449688 0.23151336932888023 0.3216147852606406 
1.4375 1.0554080436785793 0.2705540610722956 0.32086963189967466 
1.5625 1.0029626747428815 0.21109789101653575 0.2939532980237429 
1.6875 1.0866341270824806 0.3122310493466163 0.3912384071329418 
1.8125 0.9436302287248419 0.20683331725609955 0.3562202270271049 
1.9375 1.113985410768548 0.2742130520368494 0.41426458237643105 
2.0625 0.9082043607477056 0.22892644480251345 0.5407513172093198 
2.1875 0.9408030473981192 0.22795667007783293 0.5757360336467104 
2.3125 1.1336939928005314 0.32572247943984367 0.4694336681473439 
2.4375 0.7130183644376514 0.20020723085219894 0.6932867879825514 
