1.0 1.4617396887759588 0.3346011640588302 0.40080589226319185 
3.0 1.3742334691262523 0.27458790231359176 0.3394665556751799 
5.0 1.239666426392856 0.21835450856749028 0.28130048536354235 
7.0 1.093865255315499 0.22441618108321426 0.2607994541477343 
9.0 0.9509021593272307 0.16696680423655152 0.22862648391323126 
11.0 0.911582763064537 0.13776176780928107 0.14487092597078366 
13.0 0.9184532341239393 0.1356126182930587 0.19562899716553095 
15.0 0.9574984603293986 0.19156114490427767 0.17226937948091225 
17.0 0.8526135863855485 0.12799779003387401 0.12664437050512112 
19.0 0.8328851590144097 0.045302190967926315 0.045302190967926426 
21.0 0.0 0.0 0.0 
23.0 0.0 0.0 0.0 
