1.0 1.218216009644361 0.24734265592493954 0.3008225652067711 
3.0 1.284070691010291 0.25688442395554634 0.3286494543443894 
5.0 1.2506682868322223 0.22501481752979213 0.27508720397007913 
7.0 1.13390211793104 0.1992695081762692 0.2426631100532053 
9.0 1.0754836524622817 0.17305551270588337 0.21560978125736208 
11.0 1.0785875465695045 0.17775910705430376 0.21894459461108617 
13.0 1.0397474860993872 0.1738244922618044 0.21444206016811096 
15.0 0.9671513505864386 0.1550186206144033 0.18627565259949797 
17.0 0.8973878533563262 0.12917083416131003 0.1659972552850184 
19.0 0.8451570036290967 0.11347347540073227 0.13498666295749018 
21.0 0.8059599496934404 0.10861729850682533 0.13177497345663236 
23.0 0.7878903567348337 0.11485853772891164 0.16861022957267857 
