1.0 1.066570921567357 0.25475989331989857 0.3458687763746846 
3.0 1.1368635030286331 0.24975220362747907 0.2958184269445441 
5.0 1.1870649779389542 0.2239436777053755 0.2953194448054568 
7.0 1.1870107046415712 0.20470536262618466 0.26137661026804726 
9.0 1.2211849872480922 0.21011089298082308 0.2450270747971468 
11.0 1.1728684491889303 0.19123313846792034 0.23985010789044048 
13.0 1.0990231308586749 0.17582823104423584 0.2047115291853212 
15.0 1.0252522298247222 0.15820057661690978 0.18888027423927567 
17.0 0.9713382872206733 0.14157521236623438 0.1748092031435695 
19.0 0.9282755294084635 0.13328608148006071 0.1940984949046074 
21.0 0.9272622682015488 0.14662193800382417 0.2339910266819294 
23.0 0.9638959341987455 0.1615584692518205 0.23038527991291924 
