1.0 1.4366955130914336 0.33930261711257037 0.40410530864701477 
3.0 1.2927243235516284 0.28355434945627733 0.3454194499544516 
5.0 1.228229360146859 0.23135522900279493 0.28267447705510973 
7.0 1.1405252651875226 0.20587657129603765 0.2534145650136319 
9.0 1.1118314474184299 0.1952111915330682 0.24127633215523536 
11.0 1.1072949637261842 0.18975406082812674 0.23064551915644782 
13.0 1.064536071383469 0.17969933473533672 0.21529401675487803 
15.0 1.0004091059067548 0.16481640850151458 0.20162139335743356 
17.0 0.9421277812971587 0.14415045120813985 0.1910648301610025 
19.0 0.899393830433298 0.1343870498070726 0.19919875689527955 
21.0 0.8800632961746175 0.1409775940641138 0.23295562516100543 
23.0 0.9089783554501081 0.16914548769294058 0.24245178441076942 
