1.0 0.9645847404890998 0.5210540517486524 0.6409844373584453 
3.0 0.9263282308240832 0.49100815957483 0.6667932084467876 
5.0 0.9152766748215659 0.4834445709874927 0.6682499854641444 
7.0 0.8974665961273702 0.46932265419315344 0.6701461231454102 
9.0 0.8904509481691776 0.467366844582467 0.6556359337497273 
11.0 0.8640117737254404 0.45123735413080623 0.662258866842735 
13.0 0.8716729823808431 0.4638945226454108 0.6531825216493259 
15.0 0.8808994454589313 0.4685696896199719 0.6482153447001363 
17.0 0.8915015423882213 0.4777691422019274 0.6385961642103293 
19.0 0.9201924790163298 0.49877165423353975 0.6100583704259968 
21.0 0.9228727809017893 0.5004789873728713 0.6084907679287276 
23.0 0.9446976405189753 0.5149229500269177 0.5987733168247498 
