1.0 1.3038976077810323 0.304828351642507 0.3480601621219459 
3.0 1.2824922586341203 0.2703145240728253 0.31360502954579506 
5.0 1.1688568890572486 0.22513406508729195 0.3013280725384633 
7.0 1.054782520024276 0.2315247109282883 0.21869518646035502 
9.0 0.8903747308971018 0.17358903156038408 0.23514380915541155 
11.0 0.7857817145901211 0.1225738686661727 0.13456097621744023 
13.0 0.7078590243746385 0.08255588373107547 0.13553897255549163 
15.0 0.6868752160744442 0.054179575270716485 0.11239665283900868 
17.0 0.7543380885347513 0.03352848809129294 0.008103484739767963 
19.0 0.653789853337912 0.0 0.0 
21.0 0.0 0.0 0.0 
23.0 0.0 0.0 0.0 
