0.0625 1.0513639378294086 0.21062338866490282 0.22143539679641688 
0.1875 1.0573339413076985 0.20884666393794715 0.2509255505860193 
0.3125 1.0908665570987308 0.23397083543960095 0.24487301737447043 
0.4375 1.1152883477253401 0.23268430489818093 0.2538028411337767 
0.5625 1.1376844090877032 0.22856619118789023 0.2725525747532074 
0.6875 1.1450287398934527 0.22884344370782284 0.2752867766966063 
0.8125 1.114844963837332 0.21416628094706747 0.25956814014099394 
0.9375 1.0773708296805347 0.20680412789422986 0.2671792056334885 
1.0625 1.0539771781013172 0.20637646557194855 0.27570587831822535 
1.1875 1.007411487319565 0.20593938327141736 0.26039153027631556 
1.3125 0.9447359109912947 0.19488705195285028 0.23447437694839368 
1.4375 0.9113452981147769 0.21171171647370612 0.2443377968169549 
1.5625 0.9595775661405652 0.22743271907135576 0.2486660644284222 
1.6875 0.8255854388890738 0.21064379489345475 0.31282288751205867 
1.8125 0.8302074209447692 0.2026084961283583 0.2543837797755144 
1.9375 1.0863614748393398 0.23409468207892892 0.30096087850941244 
2.0625 0.5641539266837459 0.178784027704618 0.31034004309658103 
2.1875 0.9787527915779048 0.20323634870742324 0.15763590511071857 
2.3125 1.025144484459963 0.7719397763960854 0.4467787681385056 
2.4375 0.5728644000817911 0.15755507435472277 0.15088696083231223 
