1.0 1.1419870867925797 0.221859933552918 0.2716882723290217 
3.0 1.2081726940914377 0.26202730814138364 0.3209606626396162 
5.0 1.2032941354790516 0.22915220895107125 0.2762615830696913 
7.0 1.1344781318871182 0.2304032087613097 0.2613061128809595 
9.0 0.9976304037558166 0.18560127839344587 0.22994416647758542 
11.0 0.9036595263176395 0.15108801346467748 0.19892061432263564 
13.0 0.8293739260862532 0.13110048332080904 0.1708871246327366 
15.0 0.7767042015013412 0.11308583507441228 0.14513117216652327 
17.0 0.7481752205051853 0.11283522114268774 0.14036370236728402 
19.0 0.7160314728379754 0.10059752906347019 0.13353414533487828 
21.0 0.6967265408720467 0.10068422290263468 0.1257910826118458 
23.0 0.6720114868868219 0.0890716341180019 0.11359109318779836 
