0.0625 0.0 0.0 0.0 
0.1875 0.7430760898838183 0.10072775742296913 0.08353418821745917 
0.3125 0.796596891864829 0.13310815246765084 0.13955652507696936 
0.4375 0.8231388593502346 0.1285651296977931 0.16264799145958053 
0.5625 0.8720996897305153 0.14399848474775045 0.18864609126680287 
0.6875 0.9192678116896131 0.15685111774565985 0.21355878509551962 
0.8125 0.9542022789361526 0.17349566361611612 0.22668339631036583 
0.9375 0.9650809264813819 0.17168819273545743 0.22305667284594188 
1.0625 0.9701751373273468 0.18898549999051417 0.19327362312598084 
1.1875 0.9146840937546139 0.1799955001932051 0.25845392763902253 
1.3125 0.9199581915243049 0.1581169280371535 0.24941767020665861 
1.4375 0.8659169317642319 0.17385502288657462 0.23805846047398327 
1.5625 0.7874832234510621 0.1914136622487087 0.24043158434803613 
1.6875 0.716439705434823 0.17214071710117074 0.26415673954385543 
1.8125 0.7713153700147799 0.1624963862948009 0.18293096110313578 
1.9375 0.7210404264917062 0.1916412115428452 0.38852182748814246 
2.0625 0.6909290945656928 0.16108569055390243 0.20537946024036502 
2.1875 1.0738706934082078 0.1249975469508755 0.21517388573074947 
2.3125 0.579083434767875 0.18345603127816762 0.31697404977070964 
2.4375 0.6513810289428438 0.07974744354610996 0.14390745500028035 
