0.0625 1.296597926372975 0.28200503724165693 0.32876849355143967 
0.1875 1.2620313331519823 0.27119593344347814 0.31513675279987785 
0.3125 1.200942203518823 0.26472285580437316 0.30693790928760656 
0.4375 1.1564227710563542 0.27225609299046294 0.29969496666469064 
0.5625 1.0928526361045459 0.2760764557406544 0.3107172956061022 
0.6875 1.058468089863826 0.2655204161877912 0.3029768059381306 
0.8125 1.0217008287975267 0.2475786517183246 0.30055060743247175 
0.9375 0.9983870926874939 0.21226266378124703 0.28044377291893563 
1.0625 0.999618286571003 0.21916211054938117 0.2690945070367132 
1.1875 0.9254786259230889 0.19491717986188284 0.2602058895955237 
1.3125 0.9728615958921026 0.2071749268979325 0.2592889306558893 
1.4375 0.8536047631130291 0.22832624597333873 0.3293223375099156 
1.5625 0.8622754823427978 0.20807464526036268 0.2522562813768763 
1.6875 1.127324073596295 0.4441128125299475 0.3852496160390366 
1.8125 0.6384875939795407 0.22434134600582817 0.2774105252337995 
1.9375 1.0935815715092758 0.2724928563166936 0.2746992762147922 
2.0625 0.4792134375638609 0.17410002752932724 1.0509712797382598 
2.1875 0.8125560146208819 0.2210731242877214 0.23885426647192798 
2.3125 1.35935557353679 1.0440315593169454 0.19786554111156618 
2.4375 0.5473017883733164 0.17538947296365975 0.18607547150398895 
