1.0 1.1958217530688882 0.48496985643277846 0.406325566880289 
3.0 1.0926110846123063 0.5756446145526087 0.47598600227602317 
5.0 1.0769628231095263 0.5780596426150557 0.46945200497023 
7.0 1.027496869998843 0.5373782062590182 0.48624805083836153 
9.0 0.9730445627473275 0.4911879336189668 0.4993960563717751 
11.0 0.9112169164126271 0.44156180865843175 0.5312229199055813 
13.0 0.8635591337587282 0.39590966669566574 0.5795390074207366 
15.0 0.8301308249926611 0.3430310939282014 0.6146168836223123 
17.0 0.8084083005995055 0.3152872592179532 0.6430215592651389 
19.0 0.7879893477732125 0.28658255480144335 0.657945375450171 
21.0 0.788474270033284 0.2899398383104382 0.668881317110474 
23.0 0.790317436562914 0.2888776018379299 0.6740162790241202 
