1.0 1.0141160606800996 0.219916191750819 0.2901267202131126 
3.0 1.0501563611413984 0.23115661956857347 0.28897690232931406 
5.0 1.1422099152888605 0.2393887451343275 0.299003113956388 
7.0 1.1059161473436676 0.21655986817018236 0.260031927009988 
9.0 1.0787914867505117 0.19770961933016096 0.22900837854211997 
11.0 1.0162815546780084 0.18538505648168324 0.22703560955126711 
13.0 0.9106253101050341 0.14579182931129686 0.2101917934515467 
15.0 0.8420961881056905 0.13203948985738878 0.1651721881110464 
17.0 0.8076915533540381 0.12150800367944026 0.13445730007447554 
19.0 0.7660913246159935 0.1094270641698849 0.15931443349798435 
21.0 0.7767332477104983 0.12187562277544695 0.15237778826949755 
23.0 0.7613621313950557 0.11569207713820162 0.1360008485403078 
