0.0625 1.3019611904400294 0.2806161855943712 0.33109315779581405 
0.1875 1.282199083672948 0.2705890588201785 0.3040622241754585 
0.3125 1.1989440188367921 0.24924506381959566 0.2846226306483177 
0.4375 1.1844652298700094 0.21310436040819636 0.2543725120863418 
0.5625 1.0559407408311403 0.21173870412978402 0.2679415238486891 
0.6875 1.0802988419049009 0.1922427378488003 0.21738636427924218 
0.8125 1.0094091208138627 0.24160924107209925 0.35443801066600433 
0.9375 0.9133593957815841 0.17237701668523397 0.20907498017270798 
1.0625 1.1638485238284284 0.2556819100776251 0.2509022385408366 
1.1875 0.7680595560144367 0.23005456696275173 0.338586721865863 
1.3125 1.0012227036057282 0.2410138140186293 0.23445010099262942 
1.4375 1.191809389958245 0.8245013076587716 0.3895141841000349 
1.5625 0.7782006334143348 0.27378824894016074 0.21722739323277007 
1.6875 1.4100569278701542 0.279828132930114 0.1879524088917659 
1.8125 0.47854267009192003 0.1533867934018871 0.23499391898895888 
1.9375 1.140511007847278 0.32525384446699857 0.2618231751329636 
2.0625 0.4752681316796468 0.14561350474364454 1.1438186441810727 
2.1875 0.6834018809205998 0.11429246851401997 0.2699277615816681 
2.3125 1.4909292480034222 0.21180732177414163 0.13693911836767336 
2.4375 0.5067384019234615 0.1108700045528857 0.23432174266380568 
