0.0625 0.0 0.0 0.0 
0.1875 0.6987789717094094 0.02237535754413178 0.02237535754413178 
0.3125 0.6653042925952448 0.09197073444343573 0.11826266920237427 
0.4375 0.688496849552961 0.09641960338818067 0.1452839227814795 
0.5625 0.7127400226375833 0.10072374780839866 0.129248296570184 
0.6875 0.7410595171884058 0.10702221011282997 0.1366476532605313 
0.8125 0.7645053659015724 0.11026000633288913 0.1411272895269946 
0.9375 0.7971467642647105 0.12671759909563995 0.15272025509996923 
1.0625 0.827364359428987 0.12341471777453394 0.20500542936726185 
1.1875 0.8485908782718135 0.13984335124382596 0.18194826132928532 
1.3125 0.8702430503975384 0.17367347001931455 0.18514090063976674 
1.4375 0.8010918920486426 0.13587470415524494 0.19172031030718606 
1.5625 0.7485460953071899 0.1418772983748665 0.18452091511473934 
1.6875 0.726760065914188 0.15573345043605968 0.21190439480605217 
1.8125 0.6439472889735575 0.11764255666845214 0.18023513034797078 
1.9375 0.587327341610971 0.09083032373513061 0.11505466847281298 
2.0625 0.6023251030287564 0.12658650582578101 0.21391728371262442 
2.1875 0.9422596835278114 0.13229023695823483 0.13229023695823483 
2.3125 0.8415923744679372 0.17429780013587903 0.06313410459088875 
2.4375 0.811263865867744 0.07535133381939085 0.2420671304796469 
