0.0625 1.2827048169134376 0.2805900518047204 0.31234490583396535 
0.1875 1.2718727599532957 0.2689737988748564 0.31761971937581035 
0.3125 1.2555168678542563 0.2600490049550267 0.31342959687708816 
0.4375 1.223051577163169 0.2566154514771819 0.3149604773531036 
0.5625 1.1874975290352041 0.24825913115124898 0.3027167684664265 
0.6875 1.135960970572667 0.23999799547706124 0.29923420740690165 
0.8125 1.072307898285811 0.2363330470849494 0.31511014191142506 
0.9375 1.0486333386633526 0.2251285402357046 0.27781437580884183 
1.0625 0.9807295201102303 0.21852838761923832 0.2689602710566782 
1.1875 0.9155390582967528 0.18568915278839349 0.24991421416860138 
1.3125 1.0297067234373107 0.21650718028233906 0.25126008989110304 
1.4375 0.7963099363496877 0.20056060820208677 0.3216768307212068 
1.5625 0.8959819539083015 0.2107780481800856 0.23393177718928893 
1.6875 1.2022443174805344 0.44007022859614386 0.314329561747523 
1.8125 0.6115869576042743 0.19985667522544603 0.24277172820241377 
1.9375 1.1028696334830135 0.24780891780488978 0.2557007738163013 
2.0625 0.4339447386536331 0.14763225744027147 1.0888956093979207 
2.1875 0.7785333506678 0.2133216353753884 0.24434809169868021 
2.3125 1.4034804658697129 1.065615052190179 0.16631212109441007 
2.4375 0.5215590521829401 0.17582037774909065 0.20962753067611684 
