1.0 1.0091225883450612 0.35291420145747565 0.35408040284847164 
3.0 0.9518245396229417 0.23431252820660886 0.29418842542962453 
5.0 0.9747181708898622 0.2114079693261568 0.26381674473538874 
7.0 1.0083843579292242 0.22093967055486186 0.26643551309068014 
9.0 1.0073819772517507 0.2031078647588992 0.2767053048792585 
11.0 0.9532690079372035 0.21023399329558412 0.2286783307248348 
13.0 0.9038489687756672 0.17377625839528155 0.19323857635764452 
15.0 0.8760939020155971 0.17022233342474835 0.20771752788070486 
17.0 0.8544680724561378 0.15034806170968318 0.2043409660573101 
19.0 0.8659950204426896 0.15111165408316574 0.18975052727897745 
21.0 0.857710975375862 0.15241186048861033 0.18606810372230043 
23.0 0.8338027210067804 0.12484214093898782 0.16041009043841825 
