1.0 1.170696904006452 0.2648028484339232 0.32269692968891195 
3.0 1.0420093988740644 0.22257271261640765 0.28575255904092667 
5.0 1.0238398652982679 0.2050050089472375 0.27149524270532566 
7.0 1.041437691640582 0.2054904193998417 0.2609035818230405 
9.0 1.0387437826764732 0.19038690745689513 0.24285604583054576 
11.0 1.0115947511334875 0.18168247199027665 0.2193018258459256 
13.0 0.9992044482639131 0.1746243587101145 0.2328866338632567 
15.0 0.9931608930384952 0.1742147398265429 0.23516622365113005 
17.0 0.9995546026212376 0.18548441459342468 0.21492800839254245 
19.0 0.986508092180381 0.16637280961825762 0.19210674795493232 
21.0 0.9806858935722291 0.15923529301776207 0.17524019333624152 
23.0 0.9411183159681858 0.14629881943634104 0.18905884825416341 
