0.0625 1.321089297819696 0.2627246621519861 0.31459544642539927 
0.1875 1.2790889690745153 0.2542484977730126 0.31239215088257044 
0.3125 1.243971111823079 0.24093445101844146 0.31425082992002795 
0.4375 1.219721572469041 0.23404313063123283 0.29970458839411607 
0.5625 1.1729379113659668 0.21895695502824297 0.27641026812363423 
0.6875 1.147940735924614 0.22100852493701428 0.270718577192395 
0.8125 1.1082893171657293 0.22591617702893496 0.29053336165136834 
0.9375 1.0850652160150225 0.21535547353265605 0.27682574338818267 
1.0625 1.0464564646668628 0.21533465921826989 0.30072048015741615 
1.1875 0.9932520111269753 0.19406210933759838 0.26719386118961685 
1.3125 1.1156032859405363 0.2182611579354321 0.2443243074618442 
1.4375 0.9727082764720638 0.22284414710069245 0.3319565038422361 
1.5625 1.0041515484158614 0.19992383393131574 0.29926126413907594 
1.6875 1.160107483967177 0.2468927607867002 0.2613594547970448 
1.8125 0.9704256292923089 0.1737958649589424 0.34380963504432194 
1.9375 1.2206780709361822 0.229620726470392 0.2585710922245297 
2.0625 1.1651725188126432 0.29712285701454 0.27928534644662073 
2.1875 1.137978289595583 0.09079281281997753 0.09862659092143988 
2.3125 1.7540071626239957 0.10804823106472239 0.0023363754689622596 
2.4375 1.5120939770866753 0.40744924951710093 0.004188090720814497 
