1.0 1.185202878101482 0.21831677187139786 0.2632729097720419 
3.0 1.2210370832266788 0.24101356496964743 0.3087373975889576 
5.0 1.158531034624048 0.20657604609133162 0.25097116204485537 
7.0 1.0448384275706146 0.18467985958718658 0.21730789660522598 
9.0 0.986968457070958 0.15927077091679243 0.18921775392484608 
11.0 0.97978690755623 0.15967323883116946 0.18623801846996546 
13.0 0.9342857659641303 0.15496036025049065 0.17770175450084424 
15.0 0.8642376155431544 0.12937092658828087 0.15972028707765795 
17.0 0.8017115972654514 0.11551807313914375 0.1427196236605831 
19.0 0.7594802794875631 0.10278197626782304 0.12092815094906362 
21.0 0.7256388922512431 0.09895309448925527 0.11955051259448812 
23.0 0.7138254488979012 0.09827502758091555 0.14256373323723848 
