1.0 1.3925043955940313 0.3032176150358974 0.36785553606215693 
3.0 1.2299142820734639 0.25793959778145703 0.3160696887295269 
5.0 1.1419230790323025 0.21148854032850684 0.2581358342843165 
7.0 1.0539943653053958 0.19102126708589273 0.22327105765751276 
9.0 1.0189245990563773 0.17562356374484012 0.2125508639475855 
11.0 1.008733580361231 0.1722180861466176 0.2031555777122669 
13.0 0.9612256121649106 0.161008520757834 0.18649777848269433 
15.0 0.9007364036020188 0.1444506083383642 0.17639696556874684 
17.0 0.8488468493356569 0.13375727617103184 0.17490173941983755 
19.0 0.81524042266856 0.12671272973851855 0.1812821174343161 
21.0 0.7958445279650832 0.12827253796959548 0.18729394550337986 
23.0 0.8199739536759963 0.15248482459795465 0.17971392401051334 
