0.0625 0.0 0.0 0.0 
0.1875 0.8004971685577587 0.11215106727413049 0.16452458901792077 
0.3125 0.8483303753248947 0.12023481588452434 0.1542680841081585 
0.4375 0.9111287921554654 0.142748588303084 0.16747908874224193 
0.5625 0.9665391657247661 0.16187882209667848 0.18612456995624516 
0.6875 0.995041257173288 0.16353057868875642 0.19572603312225378 
0.8125 1.0261482094607794 0.17127564940417928 0.19665506481905992 
0.9375 1.0311289181459196 0.170128834542551 0.19599039289806863 
1.0625 1.0019590397294542 0.17328210473255734 0.20856188699081657 
1.1875 1.0053470830878304 0.17103342596936666 0.23247318866284017 
1.3125 1.049997879122533 0.19614411750975214 0.2324798718720309 
1.4375 1.0065148024574908 0.17272791347381145 0.26020202030036543 
1.5625 0.9503503909916224 0.1760815136761149 0.20712952281556318 
1.6875 0.849845344098779 0.15380833647768188 0.2310042332211284 
1.8125 0.9109550011904011 0.20508595524453455 0.2946198504507562 
1.9375 0.909794325079606 0.20043936166213006 0.26014425070850977 
2.0625 0.7647563971846549 0.11848950479745757 0.13383651014330677 
2.1875 0.9367309628413529 0.2812170925494011 0.08955108063462558 
2.3125 0.7481209225845744 0.1133219452232247 0.14580305379381509 
2.4375 0.9156965279818652 0.23581353262377502 0.2687340054130585 
