0.0625 1.3449806574946985 0.25826705379531156 0.31120311767945963 
0.1875 1.3011704295247708 0.2546987467197641 0.2997927223592203 
0.3125 1.2444401927898294 0.23105487757013754 0.2705244796103168 
0.4375 1.1859953879387541 0.21336132974481925 0.2586532956843284 
0.5625 1.1042247969793648 0.20967983236997934 0.2588157208130586 
0.6875 1.1465221065150804 0.20342681455965894 0.2574911064019654 
0.8125 1.087922014691472 0.23355509045123768 0.35881013978675913 
0.9375 1.0326341407106736 0.16996207686267029 0.25032385354129705 
1.0625 1.2238789059239965 0.24413677041820536 0.295523190126576 
1.1875 1.02683674787678 0.21603376494721382 0.3244880401312451 
1.3125 1.1772637302673048 0.19850788037172507 0.2924182038287102 
1.4375 1.2931679839170827 0.39731843509874687 0.3399325620732119 
1.5625 1.1503892507798783 0.21014798349499564 0.2873364610705489 
1.6875 1.4098362478864457 0.2583286510193614 0.32361314345460457 
1.8125 1.1656216965727297 0.2151777461272919 0.26200371402077205 
1.9375 1.3047401912656285 0.21711494419063238 0.2190922472780461 
2.0625 1.6305726266995784 0.43848061420734985 0.2342612558209276 
2.1875 1.1963948227283252 0.03928448904466553 0.1463228679317954 
2.3125 2.0332846559259874 0.21271172212405598 0.2553144777267842 
2.4375 0.0 0.0 0.0 
