1.0 1.0941787476137046 0.21881454523323196 0.30488572809347114 
3.0 1.099749104170706 0.22660451217010225 0.28446173917235007 
5.0 1.1177310907447293 0.20731189309833098 0.2800565073920869 
7.0 1.0957543635097515 0.1910214754196099 0.23051172595022096 
9.0 1.1185747160494015 0.18962508332693773 0.2108025061955261 
11.0 1.075529686562895 0.17530586337419918 0.20050410406178898 
13.0 1.000865144309989 0.16314080909831563 0.17950910249783592 
15.0 0.9273820321300864 0.1440476854035656 0.1732059816509156 
17.0 0.8780779113731247 0.1328342510546494 0.1620638909116907 
19.0 0.8484749487781478 0.1292415824150258 0.16609699320289795 
21.0 0.8378829612915422 0.12748408067240713 0.1750646287606319 
23.0 0.859418995458853 0.13545278624718082 0.1514883126657719 
