1.0 1.4158751114414316 0.29921958404240145 0.36486693075244636 
3.0 1.2973354985416843 0.2588675709043402 0.31372794140818794 
5.0 1.146231118433631 0.20395967760677725 0.2583932720068063 
7.0 1.0133340114490053 0.21205387036369172 0.21789810722497394 
9.0 0.8767560062748443 0.15825003541970284 0.1924104170476333 
11.0 0.8226874636337489 0.1140117576136429 0.16496313061432222 
13.0 0.809365800961872 0.10616620254791043 0.15522887102436977 
15.0 0.7827195964092557 0.10753747087281373 0.11718707675043727 
17.0 0.7223177955804782 0.07257066048526561 0.11358938320975742 
19.0 0.75857000105703 0.06064308646022032 0.06064308646022032 
21.0 0.0 0.0 0.0 
23.0 0.0 0.0 0.0 
