0.0625 0.0 0.0 0.0 
0.1875 0.7561175616082189 0.07447471793088645 0.07746898904083899 
0.3125 0.7420781978777419 0.10105702270086281 0.1351311137707908 
0.4375 0.7575654354330925 0.11225990162447674 0.14259437493322047 
0.5625 0.7841622588405323 0.11570389020666794 0.1418085961514367 
0.6875 0.8177687901955993 0.1208804828808796 0.14892498752523675 
0.8125 0.8623954815482507 0.13157205079408774 0.15832362075579443 
0.9375 0.921140412032886 0.1443840475019642 0.17673699934847187 
1.0625 0.9698340347975639 0.17021887698827576 0.19212313100293732 
1.1875 1.0025139892885642 0.16841334094183613 0.1923284794104565 
1.3125 0.9974282542920788 0.1641185413006211 0.22285339968513973 
1.4375 0.961483466159242 0.20351940241936883 0.23068595351256427 
1.5625 0.923257865767167 0.1588985510230625 0.20922432773084 
1.6875 0.8499203742606697 0.14802358003025695 0.32553557152861223 
1.8125 0.928073381831507 0.19428971339016687 0.1902861259232982 
1.9375 0.8247767983894964 0.22921331551592428 0.09098575110402063 
2.0625 0.8152201469594906 0.2192810143359013 0.14151928339892617 
2.1875 0.7923926786177117 0.234223550190082 0.3454135906168577 
2.3125 0.9046952355820684 0.2997782401652104 0.3388461666799726 
2.4375 0.632477858025806 0.07060338559742618 0.1539852922862357 
