0.0625 1.3405702570025038 0.2593322988783584 0.3121298487909576 
0.1875 1.2797602225018339 0.2586672672070074 0.3073776125505576 
0.3125 1.185574948834112 0.26000654768131526 0.3063789453069421 
0.4375 1.0830139948612172 0.23241295149377805 0.29604912464667277 
0.5625 1.0205056436259792 0.20683061044116757 0.252351041394675 
0.6875 1.0298622689884558 0.21064844113011405 0.2494041683072079 
0.8125 1.0349637050632863 0.2026261797630341 0.2623523473667404 
0.9375 1.0413118015215679 0.18794513245290645 0.2438090809698048 
1.0625 1.062854611512316 0.2127347159887627 0.2730712139125173 
1.1875 1.0107352494476505 0.1905802529461359 0.26467500977926717 
1.3125 1.0758277901970665 0.20593512681953152 0.2596689848490701 
1.4375 1.0180454719410237 0.2261234361478619 0.38108258448286314 
1.5625 1.0164778333658329 0.20196643328801667 0.28550117442830336 
1.6875 1.1053411147256502 0.32903712294095433 0.37430734619772554 
1.8125 0.970648297710579 0.20005753655261682 0.308858931787066 
1.9375 1.147133372666205 0.29244070252001275 0.2622151353634723 
2.0625 0.9857067741128114 0.2775535617212962 0.5067348324535033 
2.1875 0.9470176886319318 0.2747883228282779 0.2535960058527854 
2.3125 1.227952639848735 0.5629297205168471 0.5938527134353613 
2.4375 0.8486314963971973 0.2743625262678201 0.6475090029735724 
