0.0625 1.052864545315726 0.213315019875834 0.18926149670702164 
0.1875 1.0330048654706534 0.22370471818231952 0.22782154652555042 
0.3125 1.0133028392079768 0.2029057416149881 0.23994169904142626 
0.4375 1.0233790729007786 0.180618662276959 0.22682719810694962 
0.5625 1.0484365397034314 0.17236207794662906 0.21547158872362226 
0.6875 1.079571238973282 0.18259273461270986 0.21716445981946553 
0.8125 1.1101717473109187 0.19340506711510863 0.2260803692968536 
0.9375 1.1210640940891672 0.19573631587706652 0.23922413053622127 
1.0625 1.0833303773205702 0.19864058199424894 0.24653179518010093 
1.1875 1.0283182381751732 0.19081678342404695 0.25278904001483293 
1.3125 0.9588598595617942 0.17185263810496054 0.2573702259261529 
1.4375 0.9541397363379372 0.17178986050267386 0.24899683541908646 
1.5625 1.020677441300947 0.18484120489406208 0.25789086049388943 
1.6875 0.8706058698167753 0.19451504314945334 0.2668778354306178 
1.8125 0.8785568843094526 0.16579445775273682 0.18384809440421745 
1.9375 1.0264839262384395 0.1926150981754341 0.2419138888239336 
2.0625 0.772479047369243 0.11871042369038776 0.238363120987645 
2.1875 0.8757357006637879 0.12964121355902525 0.20010001783728637 
2.3125 1.1100037028739353 0.0 0.0 
2.4375 1.1198923138427328 0.0 0.0 
