1.0 1.3157419444513208 0.2493486436617105 0.360786801331771 
3.0 1.099028247998818 0.24194695140457456 0.3694530842886379 
5.0 0.990587720725244 0.2282179573275257 0.25804504526246586 
7.0 0.8816460049935784 0.16288161465040119 0.2782471486669136 
9.0 0.8888836248958324 0.17439227912707567 0.255948848350782 
11.0 0.852509243327529 0.17236953975016545 0.20779693869192495 
13.0 0.8505373572844623 0.18065379819104577 0.2573874272389418 
15.0 0.9142628984109309 0.24225159895894266 0.2645540537916802 
17.0 0.8710743845263724 0.24692165662172627 0.16384973958729887 
19.0 0.876263908081143 0.14799432389493994 0.31924122902202057 
21.0 0.8301248681378771 0.1421303070339882 0.10271166028178447 
23.0 0.8170089265268827 0.24688838514896871 0.29369237506249113 
